#year,month,day,julian_day,aot1020
2006,6,4,155,0.317438
2006,6,7,158,0.344795
2006,6,9,160,0.472788
2006,6,10,161,0.447037
2006,6,11,162,0.590758
2006,6,18,169,0.495783
2006,6,22,173,0.604528
2006,6,23,174,0.372488
2006,6,24,175,0.679793
2006,6,25,176,0.459795
2006,6,26,177,0.339269
2006,6,27,178,0.337557
2006,7,11,192,0.298270
2006,9,14,257,0.043941
2006,9,15,258,0.331859
2006,9,18,261,0.057271
2006,9,20,263,0.092740
2006,9,21,264,0.042875
2006,9,22,265,0.067772
2006,9,23,266,0.045048
2006,9,27,270,0.047193
2006,9,30,273,0.054595
2006,10,1,274,0.065136
2006,10,3,276,0.023121
2006,10,4,277,0.056276
2006,10,5,278,0.064021
2006,10,6,279,0.072613
2006,10,8,281,0.220781
2006,10,10,283,0.154545
2006,10,11,284,0.032917
2006,10,20,293,0.070476
2006,10,22,295,0.042970
2006,10,23,296,0.055872
2006,10,24,297,0.048823
2006,10,25,298,0.024840
2006,10,26,299,0.014854
2006,10,29,302,0.090624
2006,11,2,306,0.033189
2006,11,3,307,0.035975
2006,11,4,308,0.019187
2006,11,6,310,0.051000
2006,11,7,311,0.050673
2006,11,8,312,0.052589
2006,11,9,313,0.037799
2006,11,10,314,0.013969
2006,11,11,315,0.039961
2006,11,12,316,0.020848
2006,11,13,317,0.019261
2006,11,14,318,0.020520
2006,11,15,319,0.021888
2006,11,16,320,0.028979
2006,11,17,321,0.030909
2006,11,18,322,0.033445
2006,11,19,323,0.017862
2006,11,20,324,0.045899
2006,11,21,325,0.136973
2006,11,22,326,0.045104
2006,11,24,328,0.044405
2006,11,25,329,0.038029
2006,11,26,330,0.022536
2006,11,27,331,0.024228
2006,12,2,336,0.119872
2006,12,3,337,0.074012
2006,12,8,342,0.122980
2006,12,10,344,0.110258
2006,12,11,345,0.072867
2006,12,12,346,0.061726
2006,12,13,347,0.059580
2006,12,14,348,0.074649
2006,12,15,349,0.032766
2006,12,18,352,0.043728
2006,12,19,353,0.083965
2006,12,20,354,0.046364
2007,4,4,94,0.053245
2007,4,6,96,0.069908
2007,4,7,97,0.030612
2007,4,8,98,0.098408
2007,4,9,99,0.021292
2007,4,10,100,0.035646
2007,4,11,101,0.052517
2007,4,12,102,0.038893
2007,4,13,103,0.014857
2007,4,15,105,0.058733
2007,4,16,106,0.077316
2007,4,17,107,0.088473
2007,4,18,108,0.112130
2007,4,20,110,0.211080
2007,4,21,111,0.153761
2007,4,22,112,0.068780
2007,4,23,113,0.107586
2007,4,24,114,0.072028
2007,4,25,115,0.024382
2007,4,27,117,0.053534
2007,4,28,118,0.046578
2007,5,10,130,0.034502
2007,5,13,133,0.142908
2007,5,16,136,0.303348
2007,5,17,137,0.331782
2007,5,19,139,0.176817
2007,5,23,143,0.066996
2007,5,24,144,0.113297
2007,6,3,154,0.217749
2007,6,4,155,0.166178
2007,6,13,164,0.322078
2007,6,28,179,0.075750
2007,7,1,182,0.425760
2007,7,2,183,0.346375
2007,7,3,184,0.016718
2007,7,7,188,0.158581
2007,7,11,192,0.151455
2007,7,12,193,0.440315
2007,7,13,194,0.523035
2009,3,14,73,0.072302
2009,3,16,75,0.017284
2009,3,17,76,0.065493
2009,3,18,77,0.049463
2009,3,19,78,0.047492
2009,3,20,79,0.036036
2009,3,21,80,0.064056
2009,3,31,90,0.061659
2009,4,1,91,0.052203
2009,4,5,95,0.028319
2009,4,6,96,0.026126
2009,4,7,97,0.022263
2009,4,8,98,0.048235
2009,4,10,100,0.075035
2009,4,11,101,0.039804
2009,4,12,102,0.056792
2009,4,14,104,0.049554
2009,4,15,105,0.046466
2009,4,16,106,0.065975
2009,4,17,107,0.049273
2009,4,26,116,0.076349
2009,4,28,118,0.070149
2009,4,29,119,0.105581
2009,5,11,131,0.063367
2009,5,13,133,0.068643
2009,5,15,135,0.090586
2009,5,21,141,0.096020
2009,5,24,144,0.108165
2009,5,25,145,0.109708
2009,5,26,146,0.267440
2009,5,27,147,0.335214
2009,5,28,148,0.329931
2009,5,31,151,0.047640
2009,6,1,152,0.101949
2009,6,3,154,0.104735
2009,6,4,155,0.050841
2009,6,5,156,0.050199
2009,6,7,158,0.317810
2009,6,8,159,0.364985
2009,6,9,160,0.268256
2009,6,10,161,0.148029
2009,6,12,163,0.101731
2009,6,13,164,0.275082
2009,6,14,165,0.157331
2009,6,19,170,0.104700
2009,6,20,171,0.086436
2009,6,22,173,0.065437
2009,6,26,177,0.639598
2009,6,27,178,0.389152
2009,6,28,179,0.391719
2009,6,29,180,0.183822
2009,6,30,181,0.061778
2009,7,1,182,0.124656
2009,7,2,183,0.381032
2009,7,7,188,0.094804
2009,7,8,189,0.072214
2009,7,9,190,0.132723
2009,7,10,191,0.356183
2009,7,12,193,0.056391
2009,7,13,194,0.271872
2009,7,16,197,0.076145
2009,7,17,198,0.164820
2009,7,20,201,0.253845
2009,7,23,204,0.450840
2010,5,2,122,0.041845
2010,5,4,124,0.096888
2010,5,5,125,0.073306
2010,5,6,126,0.008502
2010,5,7,127,0.056124
2010,5,8,128,0.041368
2010,5,9,129,0.043613
2010,5,18,138,0.090157
2010,5,19,139,0.077679
2010,5,21,141,0.090629
2010,5,22,142,0.105423
2010,5,23,143,0.154822
2010,5,25,145,0.328190
2010,5,26,146,0.303305
2010,5,30,150,0.073280
2010,5,31,151,0.574663
2010,6,2,153,0.683340
2010,6,3,154,0.657242
2010,6,5,156,0.050793
2010,6,6,157,0.042070
2010,6,7,158,0.081991
2010,6,8,159,0.324556
2010,6,12,163,0.060398
2010,6,13,164,0.066400
2010,6,14,165,0.026796
2010,6,15,166,0.033369
2010,6,16,167,0.109860
2010,6,17,168,0.064513
2010,6,20,171,0.075650
2010,6,21,172,0.071053
2010,6,22,173,0.148985
2010,6,27,178,0.148998
2010,6,28,179,0.254584
2010,7,6,187,0.510499
2010,7,7,188,0.431272
2010,7,8,189,0.121144
2010,7,9,190,0.146300
2010,7,12,193,0.131003
2010,7,14,195,0.343829
2010,7,15,196,0.245111
2010,7,16,197,0.231042
2010,7,23,204,0.118117
2010,7,24,205,0.199591
2010,7,25,206,0.176908
2010,7,26,207,0.171760
2010,7,27,208,0.021335
2010,7,31,212,0.161907
2010,8,1,213,0.051173
2010,8,2,214,0.073263
2010,8,3,215,0.279483
2010,8,4,216,0.108639
2010,8,5,217,0.143611
2010,8,6,218,0.247071
2010,8,7,219,0.068711
2010,8,9,221,0.040910
2010,8,10,222,0.055761
2010,8,11,223,0.012887
2010,8,12,224,0.089614
2010,8,13,225,0.071718
2010,8,14,226,0.026752
2010,8,15,227,0.030005
2010,8,17,229,0.280698
2010,8,18,230,0.442421
2010,8,19,231,0.329816
2010,8,20,232,0.116606
2010,9,2,245,0.246258
2010,9,3,246,0.393173
2010,9,4,247,0.045043
2010,9,5,248,0.043665
2010,9,6,249,0.036068
2010,9,7,250,0.031850
2010,9,12,255,0.040252
2010,9,13,256,0.027086
2010,9,14,257,0.006394
2010,9,15,258,0.096823
2010,9,18,261,0.092765
2010,9,21,264,0.556495
2010,9,22,265,0.195358
2010,9,23,266,0.068805
2010,9,24,267,0.053483
2010,9,27,270,0.004916
2010,9,28,271,0.060866
2012,1,1,1,0.095548
2012,1,2,2,0.116732
2012,1,3,3,0.115765
2012,1,4,4,0.063212
2012,1,5,5,0.045568
2012,1,6,6,0.047148
2012,1,7,7,0.062444
2012,1,8,8,0.066855
2012,1,9,9,0.085050
2012,1,12,12,0.042642
2012,1,13,13,0.066157
2012,1,16,16,0.058662
2012,1,17,17,0.060036
2012,1,18,18,0.043408
2012,1,19,19,0.046752
2012,1,20,20,0.062436
2012,1,21,21,0.045426
2012,1,22,22,0.041474
2012,1,23,23,0.028088
2012,1,25,25,0.017700
2012,1,26,26,0.033356
2012,1,27,27,0.046532
2012,1,28,28,0.055249
2012,1,29,29,0.074678
2012,1,31,31,0.076075
2012,2,2,33,0.078634
2012,2,4,35,0.054399
2012,2,5,36,0.055187
2012,2,6,37,0.061872
2012,2,9,40,0.057570
2012,2,12,43,0.050733
2012,2,13,44,0.025468
2012,2,14,45,0.031293
2012,2,15,46,0.065226
2012,2,16,47,0.067842
2012,2,17,48,0.047033
2012,2,18,49,0.016279
2012,2,19,50,0.025088
2012,2,20,51,0.021204
2012,2,23,54,0.059260
2012,2,24,55,0.057065
2012,2,25,56,0.079495
2012,2,26,57,0.088657
2012,3,2,62,0.097036
2012,3,4,64,0.090781
2012,3,5,65,0.079124
2012,3,6,66,0.123015
2012,3,7,67,0.147411
2012,3,8,68,0.079743
2012,3,13,73,0.058405
2012,3,16,76,0.108957
2012,4,10,101,0.044114
2012,4,11,102,0.061873
2012,4,12,103,0.078655
2012,4,13,104,0.074537
2012,4,14,105,0.047846
2012,4,20,111,0.023900
2012,4,22,113,0.052600
2012,4,23,114,0.080487
2012,4,28,119,0.056860
2012,4,29,120,0.077056
2012,4,30,121,0.075458
2012,5,12,133,0.518777
2012,5,14,135,0.207512
2012,5,15,136,0.081803
2012,5,18,139,0.171523
2012,5,19,140,0.218528
2012,5,20,141,0.144916
2012,5,21,142,0.192118
2012,5,22,143,0.167606
2012,5,23,144,0.151757
2012,5,24,145,0.101137
2012,5,25,146,0.099780
2012,5,26,147,0.092048
2012,5,27,148,0.052241
2012,5,28,149,0.133731
2012,5,29,150,0.209570
2012,6,1,153,0.405520
2012,6,3,155,0.383290
2012,6,5,157,0.059391
2012,6,6,158,0.194744
2012,6,7,159,0.306985
2012,6,8,160,0.300239
2012,6,9,161,0.063078
2012,6,10,162,0.154324
2012,6,11,163,0.300493
2012,6,12,164,0.341658
2012,6,16,168,0.441920
2012,6,17,169,0.485704
2012,6,18,170,0.236407
2012,6,19,171,0.187331
2012,6,21,173,0.425364
2012,6,22,174,0.396818
2012,6,23,175,0.076910
2012,6,24,176,0.126183
2012,6,25,177,0.180151
2012,6,26,178,0.423105
2012,6,27,179,0.323922
2012,6,28,180,0.144102
2012,6,29,181,0.177317
2012,7,5,187,0.479864
2012,7,8,190,0.033205
2012,7,9,191,0.150208
2012,7,10,192,0.365012
2012,7,11,193,0.336853
2012,7,12,194,0.091861
2012,7,13,195,0.050043
2012,7,14,196,0.534488
2012,7,16,198,0.345993
2012,7,18,200,0.075927
2012,7,24,206,0.309704
2012,7,25,207,0.282356
2012,7,26,208,0.248465
2012,7,27,209,0.107418
2012,7,29,211,0.328887
