#year,month,day,julian_day,pm10,aot1020
2005,1,7,7,12,0.121356
2005,1,11,11,37,0.150971
2005,1,12,12,44,0.148984
2005,1,15,15,38,0.179879
2005,1,16,16,30,0.157370
2005,1,17,17,15,0.106150
2005,1,18,18,72,0.059495
2005,1,19,19,60,0.066716
2005,1,21,21,15,0.076836
2005,1,23,23,16,0.085724
2005,1,24,24,12,0.078951
2005,1,27,27,8,0.056548
2005,1,28,28,23,0.056320
2005,1,29,29,12,0.044353
2005,1,30,30,11,0.045227
2005,2,2,33,10,0.014535
2005,2,3,34,26,0.050189
2005,2,4,35,28,0.074487
2005,2,5,36,29,0.056401
2005,2,10,41,11,0.043751
2005,2,11,42,17,0.033756
2005,2,14,45,17,0.041727
2005,2,16,47,6,0.039493
2005,2,22,53,27,0.080793
2005,2,23,54,29,0.049352
2005,2,24,55,10,0.067454
2005,2,25,56,8,0.085501
2005,2,26,57,14,0.057320
2005,2,27,58,21,0.064746
2005,2,28,59,41,0.064480
2005,3,1,60,15,0.066559
2005,3,2,61,59,0.095799
2005,3,3,62,22,0.054627
2005,3,4,63,28,0.089537
2005,3,5,64,5,0.036392
2005,3,6,65,15,0.038927
2005,3,7,66,33,0.062439
2005,3,8,67,19,0.103840
2005,3,9,68,23,0.092717
2005,3,10,69,24,0.143664
2005,3,11,70,24,0.081197
2005,3,12,71,11,0.052429
2005,3,13,72,11,0.039717
2005,3,14,73,18,0.036521
2005,3,15,74,14,0.026178
2005,3,16,75,12,0.036033
2005,3,17,76,17,0.049970
2005,3,18,77,18,0.075131
2005,3,19,78,14,0.069551
2005,3,20,79,11,0.059773
2005,3,21,80,12,0.064424
2005,3,22,81,25,0.137486
2005,3,23,82,17,0.080690
2005,3,24,83,24,0.061417
2005,3,25,84,24,0.071871
2005,3,26,85,20,0.047031
2005,3,27,86,19,0.059626
2005,3,29,88,17,0.074319
2005,3,30,89,18,0.062837
2005,4,4,94,40,0.169763
2005,4,5,95,45,0.181908
2005,4,6,96,26,0.141903
2005,4,7,97,22,0.094032
2005,4,8,98,30,0.209302
2005,4,9,99,32,0.123837
2005,4,10,100,34,0.104848
2005,4,12,102,56,0.135427
2005,4,13,103,35,0.176229
2005,4,14,104,72,0.184620
2005,5,22,142,19,0.059917
2005,5,23,143,75,0.133381
2005,5,29,149,52,0.270763
2005,5,30,150,82,0.369548
2005,6,2,153,42,0.230878
2005,6,3,154,51,0.277198
2005,6,12,163,18,0.454115
2005,6,13,164,11,0.879262
2005,6,16,167,67,0.198838
2005,6,17,168,75,0.260449
2005,6,18,169,35,0.088234
2005,6,19,170,79,0.365794
2005,6,20,171,105,0.509290
2005,6,21,172,8,0.841486
2005,6,22,173,33,0.290088
2005,6,23,174,54,0.244289
2005,6,24,175,47,0.178690
2005,6,25,176,56,0.239275
2005,6,26,177,11,0.052936
2005,6,27,178,18,0.084174
2005,6,30,181,68,0.412282
2005,7,1,182,47,0.432662
2005,7,3,184,35,0.170497
2005,7,6,187,53,0.919587
2005,7,7,188,14,0.413035
2005,7,16,197,29,0.452451
2005,7,19,200,31,0.174541
2005,7,21,202,73,0.185376
2005,7,22,203,34,0.145505
2005,7,23,204,55,0.676016
2005,7,24,205,56,0.627133
2005,7,25,206,90,0.390327
2005,7,26,207,108,0.293936
2005,7,27,208,87,0.233445
2005,7,28,209,61,0.314771
2005,7,29,210,38,0.468422
2005,7,30,211,20,0.080876
2005,8,1,213,25,0.308995
2005,8,2,214,17,0.106544
2005,8,3,215,49,0.484812
2005,8,4,216,70,0.499955
2005,8,7,219,18,0.205258
2006,5,25,145,8,0.162294
2006,5,26,146,14,0.146205
2006,5,27,147,13,0.162979
2006,5,28,148,16,0.156895
2006,5,29,149,18,0.154062
2006,5,30,150,23,0.199163
2006,5,31,151,27,0.190803
2006,6,1,152,27,0.223114
2006,6,2,153,31,0.270709
2006,6,3,154,41,0.163930
2006,6,4,155,70,0.317438
2006,6,5,156,95,0.502510
2006,6,6,157,94,0.458441
2006,6,7,158,55,0.348468
2006,6,8,159,56,0.360747
2006,6,9,160,63,0.474492
2006,6,10,161,76,0.447037
2006,6,11,162,67,0.604382
2006,6,12,163,95,0.480792
2006,6,14,165,58,0.899207
2006,6,16,167,49,0.739107
2006,6,17,168,26,0.406308
2006,6,18,169,62,0.452242
2006,6,21,172,80,0.705358
2006,6,22,173,65,0.604528
2006,6,23,174,43,0.382768
2006,6,24,175,83,0.679793
2006,6,25,176,52,0.459795
2006,6,26,177,36,0.319561
2006,6,27,178,42,0.334499
2006,6,28,179,20,0.284372
2006,7,11,192,45,0.298270
2006,7,12,193,32,0.198150
2006,9,13,256,65,0.193191
2006,9,14,257,17,0.044355
2006,9,15,258,83,0.331995
2006,9,17,260,76,0.199048
2006,9,18,261,29,0.057271
2006,9,19,262,62,0.077148
2006,9,20,263,24,0.070416
2006,9,21,264,22,0.044741
2006,9,22,265,21,0.066056
2006,9,23,266,19,0.050416
2006,9,25,268,27,0.894136
2006,9,26,269,18,0.188522
2006,9,27,270,23,0.048906
2006,9,28,271,14,0.027395
2006,9,29,272,49,0.180635
2006,9,30,273,25,0.058846
2006,10,1,274,16,0.063271
2006,10,3,276,16,0.068334
2006,10,4,277,16,0.059855
2006,10,5,278,24,0.062419
2006,10,6,279,26,0.069769
2006,10,7,280,53,0.175792
2006,10,8,281,43,0.218729
2006,10,9,282,20,0.113577
2006,10,10,283,32,0.154545
2006,10,11,284,13,0.032917
2006,10,18,291,13,0.185751
2006,10,19,292,22,0.078975
2006,10,20,293,24,0.068046
2006,10,21,294,15,0.069503
2006,10,22,295,10,0.052730
2006,10,23,296,22,0.055872
2006,10,24,297,20,0.054570
2006,10,25,298,11,0.055602
2006,10,26,299,10,0.029868
2006,10,27,300,58,0.118742
2006,10,28,301,14,0.123219
2006,10,29,302,28,0.115566
2006,10,30,303,25,0.112584
2006,11,2,306,11,0.033927
2006,11,3,307,14,0.035899
2006,11,4,308,11,0.030788
2006,11,5,309,9,0.090537
2006,11,6,310,18,0.064642
2006,11,7,311,20,0.056895
2006,11,8,312,20,0.054924
2006,11,9,313,18,0.038836
2006,11,10,314,15,0.016131
2006,11,11,315,13,0.037486
2006,11,12,316,9,0.023080
2006,11,13,317,21,0.021149
2006,11,14,318,11,0.020520
2006,11,15,319,11,0.023526
2006,11,16,320,9,0.030215
2006,11,17,321,10,0.031414
2006,11,18,322,9,0.047785
2006,11,19,323,9,0.018424
2006,11,20,324,16,0.043170
2006,11,21,325,36,0.140993
2006,11,22,326,18,0.049304
2006,11,23,327,39,0.050684
2006,11,24,328,18,0.045839
2006,11,25,329,11,0.038704
2006,11,26,330,9,0.022536
2006,11,27,331,10,0.024975
2006,11,28,332,58,0.198996
2006,11,29,333,8,0.122078
2006,11,30,334,24,0.486231
2006,12,1,335,25,0.456788
2006,12,2,336,27,0.119872
2006,12,3,337,17,0.074012
2006,12,7,341,51,0.169756
2006,12,8,342,33,0.119587
2006,12,9,343,52,0.149889
2006,12,10,344,26,0.109546
2006,12,11,345,23,0.074480
2006,12,12,346,25,0.059759
2006,12,13,347,21,0.059154
2006,12,14,348,23,0.073300
2006,12,15,349,21,0.034288
2006,12,16,350,24,0.051832
2006,12,18,352,17,0.100718
2006,12,19,353,19,0.099526
2006,12,20,354,33,0.045968
2006,12,23,357,20,0.072576
2007,1,9,9,69,0.185315
2007,1,10,10,34,0.057436
2007,1,11,11,39,0.106534
2007,1,12,12,20,0.064003
2007,1,13,13,20,0.068576
2007,1,14,14,8,0.038104
2007,1,15,15,19,0.142181
2007,1,16,16,38,0.058498
2007,1,17,17,33,0.048382
2007,1,18,18,30,0.048412
2007,3,8,67,59,0.576927
2007,3,21,80,23,0.085343
2007,3,27,86,16,0.036135
2007,3,28,87,15,0.037101
2007,3,29,88,18,0.104460
2007,4,2,92,28,0.022513
2007,4,4,94,10,0.046445
2007,4,6,96,13,0.075501
2007,4,7,97,16,0.030612
2007,4,8,98,12,0.098408
2007,4,9,99,10,0.021747
2007,4,10,100,13,0.035646
2007,4,11,101,14,0.052517
2007,4,12,102,22,0.035777
2007,4,13,103,17,0.014556
2007,4,14,104,9,0.021213
2007,4,15,105,16,0.062179
2007,4,16,106,17,0.077411
2007,4,17,107,34,0.088175
2007,4,18,108,39,0.115035
2007,4,19,109,54,0.095852
2007,4,20,110,40,0.253449
2007,4,21,111,49,0.155211
2007,4,22,112,45,0.067201
2007,4,23,113,28,0.106155
2007,4,24,114,26,0.076132
2007,4,25,115,18,0.023528
2007,4,27,117,21,0.052943
2007,4,28,118,18,0.046578
2007,4,29,119,20,0.021114
2007,4,30,120,8,0.059548
2007,5,3,123,17,0.053502
2007,5,9,129,16,0.065278
2007,5,10,130,16,0.032861
2007,5,13,133,42,0.142908
2007,5,14,134,45,0.365982
2007,5,15,135,147,0.137555
2007,5,16,136,65,0.314984
2007,5,17,137,69,0.336081
2007,5,19,139,35,0.176817
2007,5,20,140,21,0.035855
2007,5,21,141,1,0.041374
2007,5,23,143,18,0.066996
2007,5,24,144,29,0.113297
2007,5,25,145,29,0.060726
2007,5,26,146,21,0.093806
2007,5,27,147,12,0.046515
2007,5,28,148,12,0.114447
2007,5,30,150,29,0.149083
2007,5,31,151,55,0.185639
2007,6,3,154,42,0.217749
2007,6,4,155,22,0.167505
2007,6,5,156,33,0.048447
2007,6,6,157,16,0.121895
2007,6,7,158,27,0.070497
2007,6,8,159,28,0.035775
2007,6,9,160,20,0.034793
2007,6,12,163,27,0.187658
2007,6,13,164,45,0.336135
2007,6,14,165,38,0.525407
2007,6,20,171,59,0.519435
2007,6,21,172,47,0.416343
2007,6,22,173,23,0.590248
2007,6,23,174,22,0.198875
2007,6,24,175,32,0.208879
2007,6,25,176,51,0.287323
2007,6,26,177,21,0.602580
2007,6,27,178,22,0.062748
2007,6,28,179,17,0.074729
2007,6,30,181,66,0.423312
2007,7,1,182,65,0.425760
2007,7,2,183,70,0.346375
2007,7,3,184,19,0.016753
2007,7,4,185,39,0.180594
2007,7,5,186,35,0.277035
2007,7,6,187,67,0.220697
2007,7,7,188,46,0.158581
2007,7,9,190,44,0.257186
2007,7,10,191,49,0.178517
2007,7,11,192,21,0.216659
2007,7,12,193,65,0.436729
2007,7,13,194,73,0.532245
2007,7,14,195,24,0.043992
2007,7,16,197,18,0.258306
2007,7,17,198,58,0.531863
2007,7,21,202,64,0.377249
2008,1,3,3,24,0.040683
2008,1,7,7,17,0.052822
2008,1,9,9,11,0.098341
2008,1,13,13,32,0.105256
2008,1,14,14,46,0.128576
2008,1,15,15,99,0.094845
2008,1,19,19,19,0.057360
2008,1,20,20,13,0.045467
2008,1,22,22,21,0.320300
2008,1,23,23,35,0.125366
2008,2,14,45,28,0.089980
2008,2,15,46,29,0.084556
2008,2,16,47,20,0.039932
2008,2,17,48,17,0.064419
2008,2,18,49,19,0.067189
2008,2,19,50,28,0.080646
2008,2,20,51,25,0.067957
2008,2,21,52,20,0.110703
2008,2,22,53,22,0.045652
2008,2,23,54,17,0.045604
2008,2,24,55,15,0.039957
2008,2,25,56,18,0.051387
2008,2,26,57,15,0.020701
2008,2,27,58,13,0.016028
2008,2,28,59,18,0.049178
2008,2,29,60,21,0.073931
2008,3,1,61,20,0.061986
2008,3,2,62,12,0.026896
2008,3,4,64,16,0.038653
2008,3,5,65,23,0.070549
2008,3,6,66,26,0.091315
2008,3,7,67,23,0.065846
2008,3,8,68,19,0.061732
2008,3,9,69,13,0.059116
2008,3,10,70,26,0.067610
2008,3,11,71,28,0.055823
2008,3,12,72,16,0.038807
2008,3,13,73,18,0.049389
2008,3,14,74,15,0.058153
2008,3,15,75,10,0.061947
2008,3,16,76,10,0.036019
2008,3,17,77,16,0.021156
2008,3,18,78,20,0.017279
2008,3,19,79,23,0.151535
2008,3,21,81,20,0.106850
2008,3,22,82,19,0.082993
2008,3,23,83,22,0.060686
2008,3,24,84,19,0.086104
2008,3,30,90,14,0.147113
2008,4,1,92,11,0.046817
2008,4,4,95,23,0.116051
2008,4,5,96,22,0.096987
2008,4,6,97,17,0.084327
2008,4,7,98,21,0.045421
2008,4,8,99,19,0.063142
2008,4,9,100,24,0.063455
2008,4,10,101,19,0.028008
2008,4,14,105,26,0.243926
2008,4,15,106,16,0.068807
2008,4,16,107,24,0.077655
2008,4,17,108,30,0.095949
2008,4,18,109,16,0.063160
2008,4,19,110,18,0.064860
2008,4,20,111,7,0.029753
2008,4,21,112,36,0.194303
2008,4,22,113,55,0.175866
2008,4,23,114,52,0.155871
2008,4,24,115,50,0.151078
2008,4,25,116,47,0.182924
2008,4,27,118,44,0.298371
2008,4,28,119,22,0.131971
2008,4,29,120,30,0.133826
2008,4,30,121,23,0.114365
2008,5,1,122,11,0.062351
2008,5,2,123,11,0.126840
2008,5,3,124,17,0.077879
2008,5,5,126,21,0.067843
2008,5,6,127,65,0.181013
2008,5,7,128,120,0.369159
2008,5,8,129,126,0.508183
2008,5,9,130,118,0.407277
2008,5,10,131,31,0.637557
2008,5,11,132,33,0.193616
2008,5,12,133,22,0.083865
2008,5,13,134,43,0.086091
2008,5,14,135,23,0.110851
2008,5,15,136,20,0.094842
2008,5,16,137,18,0.060228
2008,5,17,138,19,0.066235
2008,5,18,139,27,0.119239
2008,5,19,140,37,0.107865
2008,5,20,141,17,0.051398
2008,5,21,142,19,0.083322
2008,5,22,143,17,0.064642
2008,5,23,144,19,0.075489
2008,5,24,145,16,0.068483
2008,5,25,146,13,0.062061
2008,5,26,147,21,0.086706
2008,5,28,149,45,0.248229
2008,5,29,150,31,0.651063
2008,5,30,151,19,0.085804
2008,5,31,152,19,0.072839
2008,6,1,153,20,0.119909
2008,6,2,154,23,0.104513
2008,6,3,155,21,0.072366
2008,6,5,157,22,0.082390
2008,6,6,158,23,0.098754
2008,6,7,159,23,0.173143
2008,6,8,160,37,0.268791
2008,6,9,161,35,0.145867
2008,6,10,162,29,0.111336
2008,6,11,163,25,0.132527
2008,6,12,164,46,0.341297
2008,6,13,165,13,0.065768
2008,6,14,166,45,0.281643
2008,6,15,167,59,0.186650
2008,6,16,168,66,0.213080
2008,6,17,169,43,0.140753
2008,6,18,170,35,0.324996
2008,6,19,171,47,0.409036
2008,6,22,174,43,0.536341
2008,6,24,176,55,0.656253
2008,6,30,182,33,0.452065
2008,7,1,183,28,0.254501
2008,7,4,186,18,0.124826
2008,7,5,187,19,0.156136
2008,7,6,188,56,0.271767
2008,7,9,191,17,0.144411
2008,7,10,192,63,0.386560
2008,7,11,193,47,0.370532
2008,7,12,194,19,0.132240
2008,7,13,195,19,0.120047
2008,7,14,196,35,0.307179
2008,7,15,197,41,0.281868
2008,7,17,199,20,0.198288
2008,7,18,200,31,0.304997
2008,7,19,201,43,0.262802
2008,7,20,202,30,0.407114
2008,7,21,203,38,0.499546
2008,7,22,204,31,0.387487
2008,7,23,205,19,0.119093
2008,7,24,206,17,0.088466
2008,7,25,207,27,0.181696
2008,7,26,208,32,0.210346
2008,7,27,209,22,0.119189
2008,7,28,210,23,0.111552
2008,7,29,211,28,0.286519
2008,7,30,212,42,0.177479
2008,8,1,214,37,0.269421
2008,8,2,215,33,0.269332
2008,8,3,216,55,0.244951
2008,8,4,217,41,0.171979
2008,8,5,218,33,0.158360
2008,8,6,219,80,0.688694
2008,8,7,220,24,0.129500
2008,8,8,221,18,0.080088
2008,8,9,222,40,0.211080
2008,8,10,223,63,0.344205
2008,8,11,224,58,0.257005
2008,9,9,253,13,0.122201
2009,3,14,73,23,0.072302
2009,3,16,75,14,0.017284
2009,3,17,76,22,0.065493
2009,3,18,77,19,0.049463
2009,3,19,78,13,0.047492
2009,3,20,79,16,0.036036
2009,3,21,80,17,0.064056
2009,3,31,90,13,0.061659
2009,4,1,91,25,0.052203
2009,4,5,95,8,0.028319
2009,4,6,96,11,0.026126
2009,4,7,97,13,0.022263
2009,4,8,98,17,0.048235
2009,4,10,100,13,0.075035
2009,4,11,101,16,0.039804
2009,4,12,102,15,0.056792
2009,4,14,104,14,0.049554
2009,4,15,105,17,0.046466
2009,4,16,106,20,0.065975
2009,4,17,107,14,0.049273
2009,4,26,116,16,0.076349
2009,4,28,118,22,0.070149
2009,4,29,119,21,0.105581
2009,5,11,131,17,0.063367
2009,5,13,133,20,0.068643
2009,5,15,135,24,0.090586
2009,5,21,141,19,0.096020
2009,5,24,144,18,0.108165
2009,5,25,145,34,0.109708
2009,5,26,146,44,0.267440
2009,5,27,147,49,0.335214
2009,5,28,148,47,0.329931
2009,5,31,151,17,0.047640
2009,6,1,152,31,0.101949
2009,6,3,154,28,0.104735
2009,6,4,155,16,0.050841
2009,6,5,156,16,0.050199
2009,6,7,158,74,0.317810
2009,6,8,159,78,0.364985
2009,6,9,160,34,0.268256
2009,6,10,161,20,0.148029
2009,6,12,163,23,0.101731
2009,6,13,164,40,0.275082
2009,6,14,165,28,0.157331
2009,6,19,170,20,0.104700
2009,6,20,171,16,0.086436
2009,6,22,173,14,0.065437
2009,6,25,176,159,0.515701
2009,6,26,177,111,0.639598
2009,6,27,178,77,0.389152
2009,6,28,179,90,0.391719
2009,6,29,180,51,0.183822
2009,6,30,181,12,0.061778
2009,7,1,182,53,0.124656
2009,7,2,183,58,0.381032
2009,7,7,188,20,0.094804
2009,7,8,189,15,0.072214
2009,7,9,190,33,0.132723
2009,7,10,191,52,0.356183
2009,7,12,193,10,0.056391
2009,7,13,194,45,0.271872
2009,7,16,197,11,0.076145
2009,7,17,198,22,0.164820
2009,7,20,201,32,0.253845
2009,7,23,204,54,0.450840
2009,8,1,213,40,0.226021
2009,8,2,214,22,0.091149
2009,8,3,215,47,0.161276
2009,8,4,216,52,0.277536
2009,8,5,217,56,0.214079
2009,8,6,218,87,0.419913
2009,9,24,267,33,0.023387
2009,9,25,268,11,0.015580
2009,9,26,269,12,0.044853
2010,4,28,118,109,0.469919
2010,4,29,119,54,0.123047
2010,5,2,122,13,0.042247
2010,5,3,123,41,0.138655
2010,5,4,124,19,0.096888
2010,5,5,125,22,0.073306
2010,5,6,126,13,0.013569
2010,5,7,127,26,0.056827
2010,5,8,128,20,0.040665
2010,5,9,129,22,0.044343
2010,5,10,130,32,0.042631
2010,5,11,131,16,0.027982
2010,5,12,132,15,0.109652
2010,5,16,136,16,0.069488
2010,5,18,138,25,0.090157
2010,5,19,139,28,0.077679
2010,5,20,140,71,0.067399
2010,5,21,141,31,0.089437
2010,5,22,142,26,0.114462
2010,5,23,143,38,0.154822
2010,5,24,144,32,0.108531
2010,5,25,145,71,0.328190
2010,5,26,146,89,0.303305
2010,5,27,147,85,0.494665
2010,5,29,149,24,0.190658
2010,5,30,150,35,0.087410
2010,5,31,151,84,0.568845
2010,6,1,152,97,0.461471
2010,6,2,153,99,0.683340
2010,6,3,154,136,0.657242
2010,6,4,155,37,0.314100
2010,6,5,156,19,0.052335
2010,6,6,157,25,0.047742
2010,6,7,158,36,0.086907
2010,6,8,159,67,0.289122
2010,6,10,161,61,0.277232
2010,6,11,162,18,0.034219
2010,6,12,163,24,0.060398
2010,6,13,164,35,0.064643
2010,6,14,165,12,0.026623
2010,6,15,166,19,0.031295
2010,6,16,167,22,0.109860
2010,6,17,168,21,0.063000
2010,6,18,169,16,0.127858
2010,6,20,171,24,0.075650
2010,6,21,172,23,0.077391
2010,6,22,173,37,0.150880
2010,6,26,177,13,0.251585
2010,6,27,178,21,0.153081
2010,6,28,179,65,0.443117
2010,7,3,184,37,0.316911
2010,7,4,185,28,0.075701
2010,7,6,187,73,0.511893
2010,7,7,188,77,0.431272
2010,7,8,189,37,0.121144
2010,7,9,190,33,0.149513
2010,7,10,191,34,0.713965
2010,7,12,193,26,0.132079
2010,7,13,194,78,0.258939
2010,7,14,195,57,0.343829
2010,7,15,196,51,0.240789
2010,7,16,197,40,0.231042
2010,7,19,200,21,0.397656
2010,7,23,204,31,0.118117
2010,7,24,205,30,0.202126
2010,7,25,206,57,0.186045
2010,7,26,207,49,0.171760
2010,7,27,208,20,0.021335
2010,7,29,210,43,0.303194
2010,7,30,211,46,0.463432
2010,7,31,212,29,0.163215
2010,8,1,213,23,0.047690
2010,8,2,214,19,0.066000
2010,8,3,215,35,0.279483
2010,8,4,216,35,0.146638
2010,8,5,217,16,0.170808
2010,8,6,218,45,0.280328
2010,8,7,219,17,0.074486
2010,8,9,221,6,0.040910
2010,8,10,222,13,0.082939
2010,8,11,223,11,0.012887
2010,8,12,224,17,0.108974
2010,8,13,225,24,0.076757
2010,8,14,226,13,0.026789
2010,8,15,227,11,0.028773
2010,8,17,229,37,0.280698
2010,8,18,230,89,0.445289
2010,8,19,231,74,0.329816
2010,8,20,232,55,0.116606
2010,9,2,245,72,0.257176
2010,9,3,246,53,0.392700
2010,9,4,247,25,0.044506
2010,9,5,248,25,0.043665
2010,9,6,249,23,0.036655
2010,9,7,250,13,0.185210
2010,9,12,255,16,0.040252
2010,9,13,256,29,0.041067
2010,9,14,257,30,0.006652
2010,9,15,258,32,0.095942
2010,9,16,259,22,0.563569
2010,9,17,260,29,0.755893
2010,9,18,261,17,0.144226
2010,9,19,262,18,0.049499
2010,9,20,263,48,0.051367
2010,9,21,264,104,0.556495
2010,9,22,265,30,0.195358
2010,9,23,266,25,0.068805
2010,9,24,267,22,0.053483
2010,9,26,269,11,0.356932
2010,9,27,270,10,0.007832
2010,9,28,271,20,0.060866
2010,9,29,272,20,0.163770
2010,9,30,273,19,0.738219
2010,10,2,275,15,0.153409
2010,10,10,283,13,0.121196
2010,10,11,284,21,0.089417
2010,10,12,285,28,0.063760
2010,10,13,286,23,0.038176
2010,10,14,287,19,0.035393
2010,10,15,288,20,0.057321
2010,10,16,289,11,0.046791
2010,10,17,290,16,0.044516
2010,10,18,291,34,0.044839
2010,10,19,292,12,0.029649
2010,10,20,293,11,0.019365
2010,10,21,294,15,0.011872
2010,10,22,295,25,0.016832
2010,10,25,298,10,0.061118
2010,10,26,299,14,0.046653
2010,10,27,300,12,0.029123
2010,10,28,301,9,0.002562
2010,11,5,309,34,0.095047
2010,11,7,311,13,0.031567
2010,11,8,312,9,0.047667
2010,11,16,320,11,0.035575
2010,11,19,323,10,0.287818
2010,11,20,324,14,0.100443
2010,11,21,325,18,0.006762
2010,11,22,326,16,0.024096
2010,11,24,328,21,0.065449
2010,11,25,329,40,0.060863
2010,11,26,330,18,0.021420
2010,11,27,331,13,0.158987
2010,11,29,333,16,0.037277
2010,11,30,334,27,0.028157
2010,12,1,335,33,0.007102
2010,12,2,336,22,0.064093
2010,12,3,337,23,0.025225
2010,12,4,338,35,0.011520
2010,12,5,339,22,0.005028
2010,12,8,342,29,0.058126
2010,12,9,343,24,0.079255
2010,12,10,344,24,0.067862
2010,12,11,345,14,0.031285
2010,12,12,346,21,0.041839
2010,12,13,347,37,0.006208
2010,12,14,348,9,0.035473
2010,12,15,349,24,0.064879
2010,12,16,350,40,0.053536
2010,12,17,351,19,0.059610
2010,12,18,352,18,0.045237
2010,12,19,353,19,0.039346
2010,12,20,354,15,0.029552
2010,12,21,355,12,0.023097
2010,12,22,356,6,0.060471
2010,12,24,358,84,0.050078
2010,12,26,360,12,0.161601
2010,12,27,361,16,0.083364
2010,12,28,362,13,0.044435
2010,12,29,363,14,0.027535
2010,12,30,364,11,0.018825
2011,1,1,1,13,0.046064
2011,1,2,2,18,0.079806
2011,1,5,5,11,0.153561
2011,1,6,6,19,0.084529
2011,1,7,7,35,0.152298
2011,1,8,8,18,0.159477
2011,1,10,10,23,0.158496
2011,1,11,11,22,0.108150
2011,1,12,12,27,0.155356
2011,1,13,13,39,0.237598
2011,1,14,14,25,0.073034
2011,1,15,15,15,0.041185
2011,1,16,16,16,0.025575
2011,1,17,17,23,0.057409
2011,1,18,18,25,0.053111
2011,1,19,19,18,0.014328
2011,1,20,20,25,0.056167
2011,1,21,21,20,0.045159
2011,1,22,22,18,0.056627
2011,1,23,23,16,0.050279
2011,1,24,24,2,0.017962
2011,1,25,25,17,0.050934
2011,1,26,26,27,0.044141
2011,1,27,27,17,0.029643
2011,1,28,28,20,0.029591
2011,1,29,29,20,0.019924
2011,1,30,30,10,0.020906
2011,1,31,31,13,0.018683
2011,2,1,32,13,0.013140
2011,2,2,33,5,0.005032
2011,2,5,36,17,0.022848
2011,2,6,37,14,0.047650
2011,2,7,38,16,0.067060
2011,2,8,39,19,0.037780
2011,2,9,40,23,0.059375
2011,2,10,41,23,0.048889
2011,10,20,293,25,0.048654
2011,10,21,294,14,0.035668
2011,10,22,295,33,0.051474
2011,10,23,296,44,0.116940
2011,11,3,307,132,0.334609
2011,11,4,308,58,0.189274
2011,11,5,309,9,0.078764
2011,11,6,310,16,0.044580
2011,11,7,311,17,0.080711
2011,11,8,312,46,0.107209
2011,11,9,313,36,0.117665
2011,11,10,314,32,0.904418
2011,11,11,315,22,0.082479
2011,11,12,316,27,0.082466
2011,11,13,317,19,0.087396
2011,11,14,318,23,0.040762
2011,11,15,319,11,0.022159
2011,11,16,320,15,0.028129
2011,11,17,321,15,0.046313
2011,11,18,322,20,0.034428
2011,11,19,323,11,0.025741
2011,11,20,324,13,0.015652
2011,11,21,325,31,0.014135
2011,11,22,326,24,0.018810
2011,11,23,327,12,0.021347
2011,11,24,328,9,0.036902
2011,11,25,329,18,0.060933
2011,11,26,330,22,0.079540
2011,11,29,333,7,0.009049
2011,11,30,334,25,0.021902
2011,12,1,335,21,0.036184
2011,12,2,336,25,0.033996
2011,12,3,337,20,0.052476
2011,12,5,339,21,0.016844
2011,12,7,341,44,0.048905
2011,12,8,342,15,0.030345
2011,12,9,343,42,0.021797
2011,12,10,344,23,0.015107
2011,12,11,345,15,0.020233
2011,12,12,346,31,0.038148
2011,12,13,347,15,0.040295
2011,12,14,348,39,0.059817
2011,12,15,349,17,0.012809
2011,12,16,350,20,0.052219
2011,12,17,351,11,0.028244
2011,12,18,352,18,0.052222
2011,12,19,353,22,0.045863
2011,12,20,354,27,0.060353
2011,12,21,355,22,0.066257
2011,12,22,356,24,0.107287
2011,12,23,357,21,0.069758
2011,12,24,358,21,0.074038
2011,12,25,359,13,0.071090
2011,12,26,360,15,0.046110
2011,12,27,361,18,0.028001
2011,12,28,362,19,0.038304
2011,12,29,363,18,0.067865
2011,12,30,364,21,0.092925
2011,12,31,365,20,0.092858
2012,1,1,1,18,0.095548
2012,1,2,2,20,0.116732
2012,1,3,3,26,0.115765
2012,1,4,4,20,0.068235
2012,1,5,5,19,0.057258
2012,1,6,6,19,0.049129
2012,1,7,7,18,0.062444
2012,1,8,8,12,0.066855
2012,1,9,9,21,0.071092
2012,1,10,10,19,0.041534
2012,1,12,12,23,0.039556
2012,1,13,13,19,0.072378
2012,1,14,14,25,0.063363
2012,1,15,15,22,0.059701
2012,1,16,16,20,0.060369
2012,1,17,17,12,0.060036
2012,1,18,18,19,0.039930
2012,1,19,19,33,0.048285
2012,1,20,20,24,0.061641
2012,1,21,21,17,0.049256
2012,1,22,22,13,0.041474
2012,1,23,23,17,0.028942
2012,1,25,25,17,0.018451
2012,1,26,26,15,0.032957
2012,1,27,27,14,0.048508
2012,1,28,28,17,0.053247
2012,1,29,29,20,0.067019
2012,1,31,31,17,0.076075
2012,2,1,32,16,0.088077
2012,2,2,33,23,0.075026
2012,2,3,34,23,0.098511
2012,2,4,35,17,0.062674
2012,2,5,36,17,0.056937
2012,2,6,37,21,0.064851
2012,2,7,38,19,0.075010
2012,2,8,39,28,0.092816
2012,2,9,40,17,0.057570
2012,2,12,43,17,0.052668
2012,2,13,44,15,0.028309
2012,2,14,45,15,0.031293
2012,2,15,46,28,0.063588
2012,2,16,47,24,0.067019
2012,2,17,48,39,0.049406
2012,2,18,49,13,0.018634
2012,2,19,50,14,0.024820
2012,2,20,51,9,0.021204
2012,2,21,52,16,0.038550
2012,2,22,53,7,0.040653
2012,2,23,54,17,0.060156
2012,2,24,55,19,0.048881
2012,2,25,56,20,0.079495
2012,2,26,57,20,0.092492
2012,2,27,58,19,0.101255
2012,2,28,59,21,0.114646
2012,2,29,60,28,0.096346
2012,3,1,61,29,0.069433
2012,3,2,62,18,0.095663
2012,3,3,63,22,0.099751
2012,3,4,64,19,0.090781
2012,3,5,65,21,0.076837
2012,3,6,66,35,0.123015
2012,3,7,67,55,0.182577
2012,3,8,68,26,0.079757
2012,3,9,69,22,0.126126
2012,3,10,70,23,0.188532
2012,3,12,72,25,0.084914
2012,3,13,73,15,0.056994
2012,3,14,74,27,0.063893
2012,3,16,76,38,0.120140
2012,3,18,78,37,0.241251
2012,3,20,80,36,0.152097
2012,4,10,101,17,0.042393
2012,4,11,102,19,0.061873
2012,4,12,103,17,0.079263
2012,4,13,104,21,0.071093
2012,4,14,105,13,0.047846
2012,4,15,106,12,0.059651
2012,4,16,107,22,0.097092
2012,4,19,110,21,0.040062
2012,4,20,111,8,0.023900
2012,4,22,113,12,0.050810
2012,4,23,114,21,0.080487
2012,4,24,115,22,0.070639
2012,4,27,118,13,0.040344
2012,4,28,119,20,0.056860
2012,4,29,120,15,0.077056
2012,4,30,121,21,0.075055
2012,5,9,130,15,0.066528
2012,5,11,132,70,0.228328
2012,5,12,133,85,0.518777
2012,5,14,135,30,0.207512
2012,5,15,136,19,0.085499
2012,5,16,137,21,0.074032
2012,5,17,138,13,0.072410
2012,5,18,139,46,0.171523
2012,5,19,140,23,0.218528
2012,5,20,141,31,0.144916
2012,5,21,142,39,0.189858
2012,5,22,143,45,0.168343
2012,5,23,144,50,0.156961
2012,5,24,145,27,0.101574
2012,5,25,146,24,0.099780
2012,5,26,147,15,0.091744
2012,5,27,148,14,0.052241
2012,5,28,149,31,0.133731
2012,5,29,150,33,0.209570
2012,5,30,151,82,0.258923
2012,6,1,153,67,0.405520
2012,6,2,154,78,0.361679
2012,6,3,155,68,0.384678
2012,6,4,156,77,0.267463
2012,6,5,157,23,0.062689
2012,6,6,158,36,0.194744
2012,6,7,159,46,0.306985
2012,6,8,160,38,0.300239
2012,6,9,161,29,0.063770
2012,6,10,162,45,0.154324
2012,6,11,163,45,0.300493
2012,6,12,164,65,0.334811
2012,6,13,165,37,0.343226
2012,6,16,168,62,0.441920
2012,6,17,169,58,0.485704
2012,6,18,170,43,0.236407
2012,6,19,171,36,0.187331
2012,6,21,173,54,0.425364
2012,6,22,174,67,0.405941
2012,6,23,175,22,0.076910
2012,6,24,176,22,0.129782
2012,6,25,177,37,0.180151
2012,6,26,178,62,0.423105
2012,6,27,179,77,0.394192
2012,6,28,180,34,0.144487
2012,6,29,181,31,0.183376
2012,7,5,187,76,0.496347
2012,7,8,190,13,0.033389
2012,7,9,191,35,0.150208
2012,7,10,192,74,0.357039
2012,7,11,193,50,0.339372
2012,7,12,194,13,0.095719
2012,7,13,195,14,0.050043
2012,7,14,196,77,0.534488
2012,7,15,197,36,0.317923
2012,7,16,198,46,0.345993
2012,7,17,199,36,0.200754
2012,7,18,200,11,0.075927
2012,7,20,202,77,0.500572
2012,7,23,205,46,0.494950
2012,7,24,206,67,0.311859
2012,7,25,207,52,0.282356
2012,7,26,208,63,0.248095
2012,7,27,209,36,0.111195
2012,7,29,211,53,0.319267
2012,8,1,214,36,0.347622
2012,8,2,215,34,0.243990
2012,9,6,250,44,0.238965
2012,9,7,251,48,0.190626
2012,9,8,252,47,0.175237
2012,9,9,253,18,0.089336
2012,9,10,254,26,0.061601
2012,9,11,255,27,0.120361
2012,9,12,256,9,0.054347
2012,9,13,257,10,0.036877
2012,9,14,258,15,0.012342
2012,9,15,259,9,0.016856
2012,9,16,260,18,0.049984
2012,9,17,261,23,0.382240
2012,9,18,262,7,0.131898
2012,9,19,263,11,0.035163
2012,9,20,264,32,0.130437
2012,9,21,265,60,0.129689
2012,9,22,266,47,0.199952
2012,9,24,268,36,0.086352
2012,9,25,269,16,0.463878
2012,9,26,270,15,0.113968
2012,9,27,271,9,0.054376
2012,9,28,272,14,0.043233
2012,9,29,273,15,0.055186
2012,9,30,274,11,0.037516
2012,10,1,275,19,0.061594
2012,10,2,276,18,0.625563
2012,10,5,279,13,0.491967
2012,10,6,280,18,0.091691
2012,10,7,281,32,0.113994
2012,10,8,282,12,0.077226
2012,10,9,283,21,0.285611
2012,10,10,284,16,0.117123
2012,10,15,289,22,0.309378
2012,10,16,290,41,0.880098
2012,10,17,291,26,0.150489
2012,10,18,292,16,0.189735
2012,10,19,293,22,0.175715
2012,10,20,294,30,0.071139
2012,10,21,295,11,0.026430
2012,10,22,296,14,0.021604
2012,10,23,297,12,0.027433
2012,10,24,298,13,0.027154
2012,10,25,299,15,0.048290
2012,10,26,300,14,0.048851
2012,10,27,301,12,0.083492
2012,10,28,302,15,0.037648
2012,10,29,303,22,0.027744
2012,10,30,304,12,0.065044
2012,10,31,305,15,0.043965
2012,11,1,306,13,0.138846
2012,11,2,307,19,0.083007
2012,11,3,308,9,0.040972
2012,11,4,309,12,0.027167
2012,11,5,310,9,0.033097
2012,11,6,311,12,0.034272
2012,11,7,312,16,0.047057
2012,11,8,313,12,0.036119
2012,11,9,314,12,0.041838
2012,11,10,315,23,0.035991
2012,11,11,316,10,0.462312
2012,11,13,318,8,0.256565
2012,11,14,319,19,0.239531
2012,11,15,320,18,0.045216
2012,11,16,321,12,0.025473
2012,11,17,322,11,0.055469
2012,11,18,323,16,0.065008
2012,11,19,324,12,0.045949
2012,11,20,325,15,0.045948
2012,11,22,327,56,0.031576
2012,11,23,328,30,0.036479
2012,11,24,329,36,0.029607
2012,11,25,330,39,0.064067
2012,11,26,331,52,0.046310
2012,11,27,332,54,0.067616
2012,11,28,333,61,0.050664
2012,11,29,334,43,0.047191
2012,11,30,335,57,0.097293
2012,12,1,336,41,0.037793
2012,12,2,337,13,0.074684
2012,12,9,344,17,0.087596
2012,12,10,345,23,0.090067
2012,12,11,346,50,0.098496
2012,12,12,347,58,0.117292
2012,12,14,349,129,0.104255
