#year,month,day,julian_day,heure,pm10,aot1020
2006,6,4,155,9,59,0.272339
2006,6,4,155,10,60,0.308484
2006,6,4,155,14,79,0.328296
2006,6,4,155,15,83,0.360631
2006,6,5,156,9,105,0.513281
2006,6,5,156,10,98,0.521721
2006,6,5,156,15,87,0.491578
2006,6,5,156,16,89,0.483461
2006,6,6,157,10,84,0.467912
2006,6,6,157,12,97,0.486472
2006,6,6,157,13,94,0.491983
2006,6,6,157,14,102,0.463965
2006,6,6,157,15,100,0.428052
2006,6,6,157,16,89,0.412264
2006,6,7,158,12,55,0.320079
2006,6,7,158,13,40,0.343396
2006,6,7,158,14,52,0.400948
2006,6,7,158,16,48,0.314755
2006,6,9,160,10,67,0.438595
2006,6,9,160,11,66,0.441306
2006,6,9,160,14,87,0.520840
2006,6,9,160,15,75,0.519352
2006,6,9,160,16,58,0.443848
2006,6,10,161,8,52,0.457479
2006,6,10,161,9,51,0.450993
2006,6,10,161,10,61,0.441567
2006,6,10,161,11,71,0.438109
2006,6,10,161,12,80,0.445605
2006,6,10,161,13,85,0.451857
2006,6,10,161,14,92,0.462837
2006,6,10,161,15,97,0.446994
2006,6,10,161,16,96,0.427891
2006,6,11,162,8,66,0.430581
2006,6,11,162,11,62,0.475504
2006,6,11,162,14,89,0.866189
2006,6,12,163,9,91,0.484694
2006,6,12,163,10,100,0.488434
2006,6,12,163,12,102,0.518006
2006,6,12,163,16,85,0.432035
2006,6,18,169,9,19,0.268149
2006,6,18,169,10,17,0.323613
2006,6,18,169,12,84,0.455736
2006,6,18,169,14,95,0.730013
2006,6,18,169,15,97,0.638780
2006,6,18,169,16,79,0.558408
2006,6,22,173,8,90,0.531836
2006,6,22,173,13,59,0.798079
2006,6,22,173,16,46,0.483670
2006,6,23,174,8,32,0.305146
2006,6,23,174,9,36,0.323900
2006,6,23,174,10,38,0.340296
2006,6,23,174,12,46,0.403357
2006,6,23,174,13,49,0.419010
2006,6,23,174,14,57,0.443219
2006,6,24,175,10,82,0.617825
2006,6,24,175,11,79,0.670497
2006,6,24,175,12,84,0.703406
2006,6,24,175,13,86,0.699106
2006,6,24,175,14,86,0.666191
2006,6,24,175,15,82,0.729272
2006,6,24,175,16,79,0.672254
2006,6,25,176,8,50,0.434538
2006,6,25,176,10,63,0.480229
2006,6,25,176,13,55,0.497339
2006,6,25,176,15,41,0.427073
2006,6,26,177,10,43,0.367526
2006,6,26,177,14,40,0.343978
2006,6,26,177,15,39,0.306302
2006,6,27,178,8,43,0.348482
2006,6,27,178,11,36,0.345713
2006,6,27,178,12,35,0.329868
2006,6,27,178,13,41,0.326165
2006,7,11,192,9,55,0.357342
2006,7,11,192,10,38,0.291614
2006,7,11,192,11,41,0.279289
2006,7,11,192,13,44,0.264835
2006,9,14,257,9,15,0.068069
2006,9,14,257,10,21,0.036028
2006,9,14,257,11,17,0.038581
2006,9,14,257,12,15,0.031011
2006,9,14,257,13,9,0.041027
2006,9,14,257,15,10,0.040987
2006,9,14,257,16,22,0.051883
2006,9,15,258,8,79,0.329493
2006,9,15,258,12,84,0.342884
2006,9,15,258,13,81,0.326995
2006,9,15,258,14,73,0.328063
2006,9,18,261,8,27,0.055958
2006,9,18,261,9,28,0.056327
2006,9,18,261,10,30,0.051916
2006,9,18,261,11,12,0.054516
2006,9,18,261,12,37,0.056587
2006,9,18,261,13,34,0.066936
2006,9,18,261,14,34,0.058659
2006,9,19,262,9,54,0.063190
2006,9,19,262,10,44,0.071937
2006,9,19,262,11,57,0.088119
2006,9,19,262,12,54,0.099856
2006,9,20,263,10,3,0.072408
2006,9,20,263,15,7,0.120921
2006,9,20,263,16,18,0.084892
2006,9,21,264,9,9,0.053839
2006,9,21,264,11,5,0.046480
2006,9,21,264,13,16,0.026631
2006,9,21,264,14,11,0.041325
2006,9,21,264,15,21,0.039429
2006,9,21,264,16,23,0.049546
2006,9,22,265,10,13,0.054650
2006,9,22,265,12,17,0.050819
2006,9,22,265,13,16,0.057822
2006,9,22,265,14,17,0.093052
2006,9,22,265,15,17,0.086456
2006,9,22,265,16,10,0.063830
2006,9,23,266,9,11,0.035847
2006,9,23,266,10,10,0.044929
2006,9,23,266,14,8,0.054368
2006,9,27,270,10,13,0.051402
2006,9,27,270,13,18,0.039494
2006,9,27,270,14,20,0.050683
2006,9,29,272,11,48,0.227480
2006,9,29,272,12,51,0.127003
2006,9,29,272,13,46,0.127728
2006,9,29,272,14,65,0.136832
2006,9,29,272,15,60,0.145265
2006,9,29,272,16,54,0.151275
2006,9,30,273,9,31,0.068564
2006,9,30,273,10,27,0.062648
2006,9,30,273,14,5,0.040265
2006,9,30,273,15,20,0.044841
2006,9,30,273,16,18,0.056656
2006,10,1,274,8,17,0.045927
2006,10,1,274,9,15,0.048523
2006,10,1,274,10,11,0.053328
2006,10,1,274,12,9,0.062799
2006,10,1,274,14,11,0.065322
2006,10,1,274,15,14,0.096833
2006,10,1,274,16,11,0.083218
2006,10,3,276,9,17,0.031525
2006,10,3,276,10,7,0.025110
2006,10,3,276,11,17,0.021385
2006,10,3,276,12,14,0.018032
2006,10,3,276,13,18,0.019552
2006,10,4,277,10,11,0.077596
2006,10,4,277,11,7,0.059568
2006,10,4,277,12,17,0.049065
2006,10,4,277,13,13,0.047379
2006,10,4,277,16,7,0.047773
2006,10,5,278,9,26,0.049685
2006,10,5,278,10,15,0.067039
2006,10,5,278,11,22,0.075338
2006,10,6,279,12,19,0.054534
2006,10,6,279,13,25,0.067314
2006,10,6,279,15,25,0.087365
2006,10,6,279,16,26,0.081240
2006,10,7,280,9,55,0.192937
2006,10,7,280,11,26,0.160849
2006,10,7,280,14,54,0.189451
2006,10,7,280,15,45,0.163967
2006,10,7,280,16,46,0.175145
2006,10,8,281,8,31,0.172480
2006,10,8,281,9,43,0.191492
2006,10,8,281,13,42,0.248271
2006,10,8,281,14,41,0.270882
2006,10,10,283,8,36,0.212085
2006,10,10,283,10,26,0.112729
2006,10,10,283,13,35,0.138820
2006,10,11,284,9,14,0.061633
2006,10,11,284,10,14,0.035247
2006,10,11,284,11,5,0.025105
2006,10,11,284,12,16,0.010235
2006,10,11,284,13,17,0.032364
2006,10,20,293,9,41,0.042234
2006,10,20,293,10,26,0.038975
2006,10,20,293,11,15,0.043980
2006,10,20,293,12,14,0.035791
2006,10,20,293,13,6,0.100148
2006,10,20,293,14,15,0.103417
2006,10,20,293,15,23,0.128787
2006,10,22,295,9,13,0.049387
2006,10,22,295,11,7,0.028309
2006,10,22,295,12,4,0.044710
2006,10,22,295,13,9,0.033300
2006,10,22,295,14,12,0.036262
2006,10,22,295,15,9,0.038421
2006,10,22,295,16,10,0.070404
2006,10,23,296,8,24,0.048333
2006,10,23,296,9,21,0.040712
2006,10,23,296,10,16,0.041402
2006,10,23,296,11,24,0.058978
2006,10,23,296,12,28,0.051304
2006,10,23,296,13,24,0.064004
2006,10,23,296,14,24,0.049971
2006,10,23,296,15,18,0.092269
2006,10,24,297,9,18,0.045879
2006,10,24,297,10,17,0.039324
2006,10,24,297,11,15,0.045319
2006,10,24,297,12,23,0.049906
2006,10,24,297,13,26,0.063686
2006,10,25,298,10,13,0.030579
2006,10,25,298,11,8,0.025332
2006,10,25,298,12,5,0.028902
2006,10,25,298,13,9,0.019383
2006,10,25,298,14,7,0.020004
2006,10,26,299,10,9,0.016073
2006,10,26,299,11,5,0.020988
2006,10,26,299,12,8,0.009968
2006,10,26,299,13,3,0.012385
2006,10,29,302,9,30,0.143301
2006,10,29,302,10,31,0.115819
2006,10,29,302,11,29,0.095648
2006,10,29,302,12,32,0.072069
2006,10,29,302,13,25,0.065938
2006,10,29,302,14,22,0.087564
2006,10,29,302,15,30,0.072892
2006,10,29,302,16,24,0.071759
2006,11,2,306,10,2,0.032940
2006,11,2,306,11,8,0.033059
2006,11,2,306,13,15,0.031404
2006,11,2,306,14,10,0.030826
2006,11,2,306,15,10,0.032287
2006,11,2,306,16,15,0.038616
2006,11,3,307,9,11,0.037209
2006,11,3,307,10,12,0.031111
2006,11,3,307,11,9,0.038574
2006,11,3,307,12,13,0.035930
2006,11,3,307,13,10,0.031562
2006,11,3,307,14,8,0.036660
2006,11,3,307,15,18,0.040782
2006,11,4,308,10,7,0.017405
2006,11,4,308,13,4,0.021701
2006,11,4,308,14,7,0.018455
2006,11,6,310,10,14,0.050003
2006,11,6,310,11,14,0.048632
2006,11,6,310,13,18,0.052375
2006,11,6,310,14,20,0.055727
2006,11,6,310,15,13,0.050333
2006,11,6,310,16,13,0.048931
2006,11,7,311,9,16,0.051945
2006,11,7,311,10,12,0.054213
2006,11,7,311,13,21,0.056012
2006,11,7,311,14,18,0.048690
2006,11,7,311,15,22,0.042506
2006,11,8,312,10,11,0.036694
2006,11,8,312,11,15,0.049671
2006,11,8,312,13,16,0.050516
2006,11,8,312,14,15,0.057314
2006,11,8,312,15,16,0.068749
2006,11,9,313,9,13,0.042658
2006,11,9,313,10,12,0.036764
2006,11,9,313,11,17,0.034821
2006,11,9,313,12,14,0.031989
2006,11,9,313,13,12,0.034716
2006,11,9,313,14,11,0.037615
2006,11,9,313,15,13,0.042368
2006,11,9,313,16,15,0.041461
2006,11,10,314,9,23,0.017224
2006,11,10,314,10,1,0.013235
2006,11,10,314,11,15,0.012930
2006,11,10,314,12,6,0.012485
2006,11,11,315,9,13,0.029537
2006,11,11,315,13,16,0.045042
2006,11,11,315,14,6,0.041147
2006,11,11,315,16,9,0.044118
2006,11,12,316,9,4,0.023771
2006,11,12,316,11,5,0.023621
2006,11,12,316,12,4,0.018194
2006,11,12,316,13,6,0.018704
2006,11,12,316,14,4,0.020234
2006,11,12,316,15,6,0.020566
2006,11,13,317,10,9,0.025977
2006,11,13,317,11,3,0.024146
2006,11,13,317,12,3,0.014361
2006,11,13,317,13,4,0.015292
2006,11,13,317,15,12,0.016961
2006,11,13,317,16,8,0.018828
2006,11,14,318,12,8,0.017125
2006,11,14,318,13,13,0.016335
2006,11,14,318,14,13,0.022523
2006,11,14,318,15,6,0.023446
2006,11,14,318,16,13,0.023169
2006,11,15,319,11,15,0.021791
2006,11,15,319,12,1,0.018320
2006,11,15,319,13,8,0.020366
2006,11,15,319,14,2,0.022138
2006,11,15,319,15,8,0.020583
2006,11,15,319,16,11,0.028132
2006,11,16,320,9,5,0.034017
2006,11,16,320,10,5,0.025734
2006,11,16,320,11,6,0.027185
2006,11,17,321,10,6,0.031005
2006,11,17,321,11,11,0.027021
2006,11,17,321,12,7,0.025012
2006,11,17,321,13,3,0.031090
2006,11,17,321,14,10,0.040419
2006,11,18,322,10,7,0.056282
2006,11,18,322,11,3,0.024787
2006,11,18,322,12,6,0.019011
2006,11,18,322,13,8,0.022016
2006,11,18,322,14,7,0.026163
2006,11,18,322,15,9,0.040095
2006,11,18,322,16,8,0.045764
2006,11,19,323,9,5,0.017646
2006,11,19,323,10,1,0.017118
2006,11,19,323,11,7,0.018157
2006,11,19,323,12,10,0.014581
2006,11,19,323,13,3,0.015412
2006,11,19,323,14,7,0.017103
2006,11,19,323,15,9,0.019661
2006,11,19,323,16,9,0.023215
2006,11,20,324,9,12,0.039375
2006,11,20,324,10,15,0.031322
2006,11,20,324,11,12,0.039171
2006,11,20,324,13,8,0.048725
2006,11,20,324,15,15,0.056200
2006,11,20,324,16,18,0.060600
2006,11,21,325,9,35,0.126840
2006,11,21,325,11,32,0.134230
2006,11,21,325,14,28,0.143654
2006,11,21,325,15,37,0.140694
2006,11,21,325,16,34,0.139448
2006,11,22,326,10,12,0.045069
2006,11,22,326,11,15,0.032870
2006,11,22,326,12,18,0.052916
2006,11,22,326,13,15,0.054158
2006,11,22,326,14,19,0.040509
2006,11,24,328,9,17,0.032742
2006,11,24,328,10,14,0.037944
2006,11,24,328,11,11,0.027762
2006,11,24,328,13,18,0.075611
2006,11,24,328,14,21,0.047967
2006,11,25,329,9,12,0.047364
2006,11,25,329,10,14,0.038914
2006,11,25,329,12,9,0.035395
2006,11,25,329,13,7,0.040518
2006,11,25,329,14,12,0.033422
2006,11,25,329,15,13,0.032562
2006,11,26,330,14,19,0.022684
2006,11,26,330,15,4,0.020596
2006,11,26,330,16,5,0.024329
2006,11,27,331,9,4,0.021884
2006,11,27,331,10,6,0.021790
2006,11,27,331,11,9,0.024964
2006,11,27,331,13,3,0.028273
2006,12,2,336,8,32,0.156209
2006,12,2,336,9,29,0.150846
2006,12,2,336,10,29,0.107903
2006,12,2,336,11,30,0.120642
2006,12,2,336,12,23,0.121777
2006,12,2,336,13,25,0.101546
2006,12,2,336,14,23,0.107566
2006,12,2,336,15,26,0.099109
2006,12,2,336,16,29,0.113253
2006,12,3,337,8,21,0.078589
2006,12,3,337,9,21,0.083644
2006,12,3,337,10,12,0.076916
2006,12,3,337,11,16,0.080876
2006,12,3,337,12,19,0.072488
2006,12,3,337,13,11,0.069133
2006,12,3,337,14,15,0.066609
2006,12,3,337,15,17,0.064105
2006,12,3,337,16,20,0.073745
2006,12,8,342,9,35,0.094571
2006,12,8,342,10,23,0.124556
2006,12,8,342,11,31,0.126829
2006,12,8,342,13,32,0.123290
2006,12,8,342,14,29,0.131653
2006,12,8,342,16,29,0.136981
2006,12,9,343,10,40,0.162849
2006,12,9,343,11,54,0.135955
2006,12,9,343,12,45,0.113572
2006,12,9,343,13,44,0.131286
2006,12,9,343,15,47,0.148556
2006,12,9,343,16,57,0.191891
2006,12,10,344,8,26,0.122330
2006,12,10,344,9,31,0.106601
2006,12,10,344,10,19,0.088057
2006,12,10,344,11,23,0.102886
2006,12,10,344,12,28,0.103802
2006,12,10,344,14,25,0.100105
2006,12,10,344,15,13,0.115010
2006,12,10,344,16,30,0.143275
2006,12,11,345,8,22,0.088412
2006,12,11,345,10,17,0.081105
2006,12,11,345,11,21,0.061886
2006,12,11,345,12,19,0.064508
2006,12,11,345,13,26,0.060761
2006,12,11,345,14,21,0.078499
2006,12,11,345,15,27,0.068782
2006,12,11,345,16,22,0.078983
2006,12,12,346,9,28,0.058403
2006,12,12,346,10,19,0.089100
2006,12,12,346,11,32,0.059734
2006,12,12,346,12,13,0.068583
2006,12,12,346,13,25,0.051924
2006,12,12,346,14,27,0.051595
2006,12,12,346,15,11,0.052401
2006,12,12,346,16,24,0.062070
2006,12,13,347,8,18,0.053491
2006,12,13,347,10,18,0.054411
2006,12,13,347,11,8,0.046793
2006,12,13,347,13,22,0.060877
2006,12,13,347,14,19,0.077436
2006,12,13,347,15,30,0.057625
2006,12,13,347,16,7,0.066424
2006,12,14,348,9,26,0.072042
2006,12,14,348,10,10,0.057171
2006,12,14,348,11,21,0.089755
2006,12,14,348,13,14,0.079628
2006,12,15,349,11,9,0.032378
2006,12,15,349,12,12,0.028523
2006,12,15,349,13,21,0.034067
2006,12,15,349,14,14,0.033122
2006,12,15,349,16,14,0.035739
2006,12,18,352,11,15,0.046399
2006,12,18,352,12,16,0.042049
2006,12,18,352,13,14,0.039236
2006,12,18,352,14,17,0.047226
2006,12,19,353,9,18,0.121286
2006,12,19,353,11,15,0.079559
2006,12,19,353,13,14,0.054936
2006,12,19,353,14,20,0.058572
2006,12,19,353,15,20,0.105473
2006,12,20,354,10,12,0.029043
2006,12,20,354,11,10,0.034670
2006,12,20,354,12,27,0.043702
2006,12,20,354,13,16,0.039513
2006,12,20,354,14,24,0.045157
2006,12,20,354,15,20,0.056508
2006,12,20,354,16,21,0.075952
2007,3,8,67,8,59,0.576927
2007,3,21,80,11,19,0.081968
2007,3,21,80,12,26,0.088718
2007,3,27,86,9,30,0.026082
2007,3,27,86,10,8,0.026381
2007,3,27,86,11,9,0.036002
2007,3,27,86,12,22,0.038508
2007,3,27,86,13,10,0.044831
2007,3,27,86,14,19,0.045008
2007,3,28,87,8,25,0.046746
2007,3,28,87,9,14,0.043173
2007,3,28,87,10,12,0.024043
2007,3,28,87,11,8,0.034443
2007,3,29,88,12,18,0.104460
2007,4,2,92,12,36,0.026021
2007,4,2,92,13,19,0.019005
2007,4,4,94,10,4,0.022285
2007,4,4,94,11,7,0.034671
2007,4,4,94,12,6,0.065102
2007,4,4,94,14,9,0.090920
2007,4,6,96,8,12,0.094294
2007,4,6,96,10,7,0.047458
2007,4,6,96,12,8,0.088230
2007,4,6,96,14,15,0.049649
2007,4,7,97,9,18,0.040089
2007,4,7,97,10,11,0.019329
2007,4,7,97,11,20,0.022147
2007,4,7,97,13,13,0.040882
2007,4,8,98,11,10,0.092866
2007,4,8,98,13,17,0.101615
2007,4,8,98,14,8,0.100743
2007,4,9,99,9,9,0.036679
2007,4,9,99,11,8,0.016705
2007,4,9,99,12,6,0.018985
2007,4,9,99,13,7,0.012798
2007,4,10,100,8,10,0.055959
2007,4,10,100,9,7,0.045316
2007,4,10,100,10,15,0.026351
2007,4,10,100,11,17,0.021229
2007,4,10,100,12,11,0.019534
2007,4,10,100,13,16,0.037112
2007,4,10,100,14,13,0.044023
2007,4,11,101,8,10,0.071305
2007,4,11,101,10,14,0.045148
2007,4,11,101,12,18,0.041099
2007,4,12,102,8,22,0.066101
2007,4,12,102,9,15,0.047011
2007,4,12,102,10,20,0.045719
2007,4,12,102,12,15,0.013831
2007,4,12,102,13,12,0.021791
2007,4,12,102,14,19,0.038905
2007,4,13,103,8,19,0.021435
2007,4,13,103,9,18,0.018176
2007,4,13,103,10,17,0.016809
2007,4,13,103,11,8,0.011869
2007,4,13,103,12,1,0.012700
2007,4,13,103,13,20,0.008155
2007,4,14,104,8,15,0.031078
2007,4,14,104,10,3,0.011347
2007,4,15,105,8,8,0.059640
2007,4,15,105,10,2,0.042385
2007,4,15,105,13,12,0.070589
2007,4,15,105,14,8,0.062319
2007,4,16,106,9,14,0.087627
2007,4,16,106,10,18,0.078982
2007,4,16,106,12,16,0.074241
2007,4,16,106,13,7,0.068412
2007,4,17,107,8,23,0.087083
2007,4,17,107,10,37,0.077750
2007,4,17,107,11,33,0.077293
2007,4,17,107,12,36,0.096063
2007,4,17,107,13,30,0.100309
2007,4,17,107,14,37,0.092337
2007,4,18,108,9,38,0.139178
2007,4,18,108,10,36,0.120819
2007,4,18,108,11,41,0.100812
2007,4,18,108,12,31,0.100431
2007,4,18,108,13,36,0.108446
2007,4,18,108,14,31,0.103091
2007,4,19,109,8,54,0.104338
2007,4,19,109,9,59,0.097387
2007,4,19,109,10,61,0.104482
2007,4,19,109,11,52,0.100465
2007,4,19,109,12,46,0.087689
2007,4,19,109,13,66,0.078191
2007,4,19,109,14,42,0.098412
2007,4,20,110,9,43,0.207018
2007,4,20,110,10,47,0.137095
2007,4,20,110,11,43,0.122692
2007,4,20,110,12,38,0.233275
2007,4,20,110,13,42,0.355321
2007,4,21,111,8,37,0.167400
2007,4,21,111,10,36,0.145489
2007,4,21,111,11,53,0.139295
2007,4,21,111,12,51,0.153252
2007,4,21,111,13,51,0.163969
2007,4,21,111,14,55,0.153163
2007,4,22,112,9,42,0.083717
2007,4,22,112,10,40,0.067792
2007,4,22,112,11,34,0.063550
2007,4,22,112,13,44,0.061907
2007,4,22,112,14,48,0.066934
2007,4,23,113,9,31,0.124139
2007,4,23,113,10,23,0.116336
2007,4,23,113,11,30,0.103235
2007,4,23,113,13,36,0.095592
2007,4,23,113,14,31,0.098626
2007,4,24,114,10,25,0.078929
2007,4,24,114,11,25,0.067403
2007,4,24,114,12,19,0.069752
2007,4,25,115,9,13,0.018980
2007,4,25,115,10,16,0.029784
2007,4,27,117,8,24,0.068647
2007,4,27,117,11,27,0.038331
2007,4,27,117,12,23,0.055713
2007,4,27,117,13,6,0.050296
2007,4,27,117,14,6,0.054685
2007,4,28,118,11,21,0.033344
2007,4,28,118,12,19,0.043539
2007,4,28,118,13,14,0.062850
2007,4,29,119,9,14,0.046484
2007,4,29,119,10,20,0.002815
2007,4,29,119,14,25,0.014042
2007,4,30,120,14,8,0.059548
2007,5,3,123,13,17,0.053502
2007,5,9,129,11,16,0.065278
2007,5,10,130,9,13,0.024608
2007,5,10,130,11,6,0.029166
2007,5,10,130,13,14,0.049731
2007,5,13,133,9,47,0.152185
2007,5,13,133,10,41,0.124599
2007,5,13,133,11,37,0.114745
2007,5,13,133,13,38,0.150268
2007,5,13,133,14,49,0.172745
2007,5,14,134,10,36,0.342503
2007,5,14,134,13,49,0.375673
2007,5,14,134,14,51,0.379769
2007,5,15,135,14,147,0.137555
2007,5,16,136,8,65,0.290550
2007,5,16,136,9,50,0.295352
2007,5,16,136,10,52,0.324143
2007,5,17,137,10,68,0.309706
2007,5,17,137,11,62,0.335611
2007,5,17,137,12,83,0.332067
2007,5,17,137,13,65,0.347271
2007,5,17,137,14,85,0.334254
2007,5,19,139,8,34,0.211521
2007,5,19,139,9,35,0.168436
2007,5,19,139,10,36,0.150494
2007,5,20,140,9,21,0.035855
2007,5,21,141,9,1,0.041374
2007,5,23,143,8,18,0.068119
2007,5,23,143,9,15,0.061502
2007,5,23,143,10,24,0.064511
2007,5,23,143,11,13,0.073850
2007,5,24,144,8,32,0.113769
2007,5,24,144,9,30,0.126679
2007,5,24,144,10,25,0.116208
2007,5,24,144,11,30,0.096532
2007,5,25,145,9,29,0.061383
2007,5,25,145,10,28,0.060068
2007,5,26,146,8,21,0.093806
2007,5,27,147,8,18,0.049524
2007,5,27,147,9,5,0.053757
2007,5,27,147,10,12,0.036263
2007,5,28,148,11,12,0.114447
2007,5,30,150,8,29,0.132455
2007,5,30,150,9,28,0.165711
2007,5,31,151,8,55,0.187397
2007,5,31,151,9,54,0.183880
2007,6,3,154,8,44,0.225754
2007,6,3,154,9,36,0.235461
2007,6,3,154,10,47,0.207304
2007,6,3,154,11,42,0.202477
2007,6,4,155,8,24,0.159303
2007,6,4,155,10,23,0.170077
2007,6,4,155,11,22,0.169153
2007,6,5,156,8,28,0.055965
2007,6,5,156,9,30,0.049587
2007,6,5,156,10,42,0.039789
2007,6,6,157,11,16,0.121895
2007,6,7,158,10,27,0.070497
2007,6,8,159,8,30,0.042631
2007,6,8,159,9,26,0.028918
2007,6,9,160,8,25,0.033494
2007,6,9,160,9,14,0.036091
2007,6,12,163,8,27,0.187658
2007,6,13,164,8,42,0.224469
2007,6,13,164,9,51,0.388746
2007,6,13,164,11,54,0.353018
2007,6,14,165,8,33,0.538668
2007,6,14,165,9,43,0.547623
2007,6,14,165,10,34,0.509474
2007,6,14,165,11,43,0.505864
2007,6,20,171,13,52,0.446613
2007,6,20,171,16,66,0.592257
2007,6,21,172,10,50,0.403348
2007,6,21,172,11,32,0.414615
2007,6,21,172,12,65,0.431145
2007,6,21,172,13,62,0.409774
2007,6,21,172,14,42,0.407577
2007,6,21,172,15,36,0.415185
2007,6,21,172,16,41,0.432758
2007,6,22,173,8,23,0.590248
2007,6,23,174,10,31,0.236751
2007,6,23,174,11,13,0.225534
2007,6,23,174,12,20,0.205412
2007,6,23,174,13,24,0.190565
2007,6,23,174,14,10,0.172666
2007,6,23,174,15,37,0.168607
2007,6,23,174,16,21,0.192590
2007,6,24,175,10,16,0.197726
2007,6,24,175,11,31,0.213315
2007,6,24,175,12,31,0.218079
2007,6,24,175,13,34,0.207392
2007,6,24,175,14,58,0.210295
2007,6,24,175,15,23,0.206468
2007,6,25,176,8,41,0.125045
2007,6,25,176,12,61,0.449601
2007,6,26,177,13,21,0.602580
2007,6,27,178,14,22,0.062748
2007,6,28,179,10,5,0.052855
2007,6,28,179,11,14,0.065085
2007,6,28,179,12,17,0.089643
2007,6,28,179,14,8,0.071704
2007,6,28,179,16,12,0.099461
2007,6,30,181,14,61,0.430331
2007,6,30,181,15,70,0.416292
2007,7,1,182,13,59,0.413938
2007,7,1,182,14,67,0.411950
2007,7,1,182,15,68,0.451391
2007,7,2,183,11,75,0.367838
2007,7,2,183,12,70,0.387854
2007,7,2,183,14,69,0.327673
2007,7,2,183,15,76,0.316690
2007,7,2,183,16,62,0.331821
2007,7,3,184,8,9,0.025858
2007,7,3,184,12,6,0.002496
2007,7,3,184,13,24,0.009186
2007,7,3,184,14,16,0.019873
2007,7,3,184,15,21,0.014584
2007,7,3,184,16,16,0.028309
2007,7,4,185,8,40,0.171212
2007,7,4,185,9,38,0.189975
2007,7,5,186,8,31,0.280062
2007,7,5,186,10,39,0.274007
2007,7,6,187,8,67,0.224151
2007,7,6,187,9,65,0.234960
2007,7,6,187,11,70,0.202981
2007,7,7,188,9,50,0.167844
2007,7,7,188,10,51,0.165894
2007,7,7,188,11,37,0.142006
2007,7,9,190,10,44,0.257186
2007,7,10,191,8,49,0.182732
2007,7,10,191,9,49,0.174301
2007,7,11,192,8,23,0.126796
2007,7,11,192,9,23,0.120947
2007,7,11,192,10,24,0.146590
2007,7,11,192,11,20,0.164693
2007,7,11,192,12,19,0.198249
2007,7,12,193,10,67,0.468646
2007,7,12,193,11,68,0.447168
2007,7,12,193,12,68,0.454752
2007,7,12,193,13,79,0.447387
2007,7,12,193,14,69,0.383622
2007,7,13,194,10,80,0.547165
2007,7,13,194,11,76,0.498905
2007,7,14,195,11,37,0.044588
2007,7,14,195,12,10,0.043396
2007,7,16,197,10,18,0.258306
2007,7,17,198,8,60,0.539941
2007,7,17,198,9,56,0.523784
2007,7,21,202,9,64,0.377249
2009,3,14,73,8,25,0.090547
2009,3,14,73,9,25,0.063047
2009,3,14,73,10,23,0.066594
2009,3,14,73,15,17,0.062095
2009,3,14,73,16,23,0.079226
2009,3,16,75,11,20,0.012693
2009,3,16,75,12,2,0.015193
2009,3,16,75,13,13,0.017956
2009,3,16,75,14,19,0.023292
2009,3,17,76,9,26,0.064658
2009,3,17,76,10,21,0.058263
2009,3,17,76,12,23,0.093806
2009,3,17,76,13,23,0.080245
2009,3,17,76,14,22,0.062386
2009,3,17,76,15,21,0.051966
2009,3,17,76,16,15,0.047130
2009,3,18,77,9,21,0.040534
2009,3,18,77,10,12,0.032007
2009,3,18,77,11,16,0.036938
2009,3,18,77,12,20,0.041039
2009,3,18,77,14,22,0.084615
2009,3,18,77,15,24,0.061642
2009,3,19,78,9,11,0.055848
2009,3,19,78,10,13,0.036813
2009,3,19,78,11,11,0.035819
2009,3,19,78,12,9,0.046221
2009,3,19,78,15,16,0.051417
2009,3,19,78,16,16,0.058832
2009,3,20,79,9,16,0.031280
2009,3,20,79,10,16,0.028854
2009,3,20,79,11,18,0.042379
2009,3,20,79,14,15,0.022624
2009,3,20,79,15,12,0.036878
2009,3,20,79,16,17,0.054203
2009,3,21,80,9,19,0.076445
2009,3,21,80,11,15,0.064953
2009,3,21,80,13,15,0.057004
2009,3,21,80,14,19,0.057823
2009,3,31,90,11,19,0.066446
2009,3,31,90,12,18,0.071176
2009,3,31,90,14,3,0.047356
2009,4,1,91,9,27,0.039796
2009,4,1,91,11,26,0.059496
2009,4,1,91,12,22,0.057318
2009,4,5,95,9,11,0.025733
2009,4,5,95,10,4,0.022524
2009,4,5,95,11,9,0.031169
2009,4,5,95,13,9,0.030034
2009,4,5,95,14,10,0.026140
2009,4,5,95,15,5,0.031221
2009,4,5,95,16,10,0.031411
2009,4,6,96,9,11,0.025112
2009,4,6,96,12,12,0.020224
2009,4,6,96,13,10,0.022875
2009,4,6,96,14,11,0.026066
2009,4,6,96,16,13,0.036351
2009,4,7,97,9,14,0.027821
2009,4,7,97,10,10,0.017295
2009,4,7,97,11,9,0.027085
2009,4,7,97,12,16,0.018548
2009,4,7,97,13,9,0.022906
2009,4,7,97,14,19,0.019923
2009,4,8,98,10,12,0.045988
2009,4,8,98,11,21,0.045751
2009,4,8,98,12,20,0.045224
2009,4,8,98,13,21,0.045440
2009,4,8,98,14,15,0.043495
2009,4,8,98,15,15,0.055950
2009,4,8,98,16,13,0.055798
2009,4,10,100,9,17,0.076274
2009,4,10,100,10,6,0.069379
2009,4,10,100,11,15,0.063308
2009,4,10,100,12,10,0.103897
2009,4,10,100,13,13,0.037393
2009,4,10,100,15,22,0.076856
2009,4,10,100,16,8,0.098136
2009,4,11,101,9,18,0.048812
2009,4,11,101,10,12,0.033119
2009,4,11,101,11,12,0.045268
2009,4,11,101,13,18,0.039843
2009,4,11,101,14,18,0.031976
2009,4,12,102,9,13,0.049474
2009,4,12,102,10,13,0.055100
2009,4,12,102,11,19,0.065801
2009,4,14,104,9,11,0.062912
2009,4,14,104,10,14,0.062061
2009,4,14,104,11,14,0.065706
2009,4,14,104,12,13,0.045569
2009,4,14,104,13,11,0.033786
2009,4,14,104,14,16,0.034308
2009,4,14,104,15,18,0.042534
2009,4,15,105,12,19,0.039987
2009,4,15,105,13,15,0.035601
2009,4,15,105,14,16,0.041487
2009,4,15,105,15,20,0.056328
2009,4,15,105,16,17,0.058927
2009,4,16,106,9,23,0.054128
2009,4,16,106,10,21,0.047969
2009,4,16,106,11,11,0.049539
2009,4,16,106,12,20,0.062575
2009,4,16,106,14,24,0.078016
2009,4,16,106,15,21,0.089839
2009,4,16,106,16,23,0.079759
2009,4,17,107,11,15,0.051404
2009,4,17,107,13,14,0.036928
2009,4,17,107,14,16,0.043191
2009,4,17,107,15,13,0.064238
2009,4,17,107,16,13,0.050605
2009,4,26,116,9,17,0.065673
2009,4,26,116,10,17,0.086826
2009,4,26,116,12,13,0.080958
2009,4,26,116,13,16,0.071937
2009,4,28,118,8,24,0.079943
2009,4,28,118,10,16,0.070757
2009,4,28,118,11,23,0.060052
2009,4,28,118,13,23,0.069845
2009,4,29,119,8,22,0.096834
2009,4,29,119,10,21,0.108112
2009,4,29,119,13,20,0.111797
2009,5,11,131,12,17,0.072445
2009,5,11,131,13,19,0.065353
2009,5,11,131,14,16,0.052302
2009,5,13,133,12,20,0.066111
2009,5,13,133,13,18,0.067562
2009,5,13,133,14,22,0.072257
2009,5,15,135,8,25,0.100133
2009,5,15,135,10,27,0.095324
2009,5,15,135,11,24,0.083857
2009,5,15,135,12,15,0.085098
2009,5,15,135,13,31,0.088516
2009,5,21,141,9,15,0.083217
2009,5,21,141,10,19,0.087986
2009,5,21,141,11,20,0.094756
2009,5,21,141,12,19,0.104543
2009,5,21,141,13,20,0.092879
2009,5,21,141,14,19,0.112739
2009,5,24,144,9,21,0.119313
2009,5,24,144,11,18,0.123514
2009,5,24,144,13,14,0.109870
2009,5,24,144,14,18,0.105578
2009,5,24,144,15,21,0.094645
2009,5,24,144,16,18,0.096071
2009,5,25,145,9,30,0.141238
2009,5,25,145,10,32,0.124917
2009,5,25,145,11,36,0.119119
2009,5,25,145,12,35,0.100287
2009,5,25,145,13,38,0.092961
2009,5,25,145,14,35,0.079727
2009,5,26,146,8,42,0.271236
2009,5,26,146,10,47,0.267855
2009,5,26,146,11,46,0.271226
2009,5,26,146,12,47,0.260305
2009,5,26,146,13,42,0.255338
2009,5,26,146,14,41,0.278680
2009,5,27,147,12,43,0.313331
2009,5,27,147,13,47,0.317059
2009,5,27,147,15,50,0.346046
2009,5,27,147,16,56,0.364419
2009,5,28,148,8,51,0.343895
2009,5,28,148,10,54,0.337485
2009,5,28,148,11,52,0.356992
2009,5,28,148,12,44,0.310981
2009,5,28,148,13,33,0.300304
2009,5,31,151,9,9,0.038382
2009,5,31,151,10,12,0.046473
2009,5,31,151,11,25,0.055440
2009,5,31,151,12,19,0.053736
2009,5,31,151,14,20,0.044823
2009,5,31,151,15,15,0.046985
2009,6,1,152,9,15,0.098916
2009,6,1,152,10,33,0.091206
2009,6,1,152,11,34,0.093690
2009,6,1,152,13,34,0.104245
2009,6,1,152,14,40,0.121688
2009,6,3,154,8,30,0.110666
2009,6,3,154,9,30,0.100482
2009,6,3,154,10,27,0.099386
2009,6,3,154,11,23,0.108404
2009,6,4,155,13,16,0.060041
2009,6,4,155,14,17,0.045435
2009,6,4,155,15,14,0.047047
2009,6,5,156,9,16,0.047808
2009,6,5,156,10,15,0.048087
2009,6,5,156,11,18,0.047132
2009,6,5,156,12,16,0.059399
2009,6,5,156,13,19,0.046960
2009,6,5,156,14,15,0.051960
2009,6,5,156,15,16,0.050044
2009,6,7,158,11,71,0.311080
2009,6,7,158,12,78,0.355871
2009,6,7,158,14,72,0.286480
2009,6,8,159,9,75,0.322703
2009,6,8,159,10,75,0.343183
2009,6,8,159,11,84,0.339829
2009,6,8,159,12,81,0.344202
2009,6,8,159,13,83,0.367535
2009,6,8,159,14,77,0.378922
2009,6,8,159,15,79,0.400864
2009,6,8,159,16,68,0.422643
2009,6,9,160,13,35,0.246611
2009,6,9,160,14,29,0.243061
2009,6,9,160,15,35,0.280743
2009,6,9,160,16,35,0.302608
2009,6,10,161,8,20,0.169601
2009,6,10,161,9,18,0.156395
2009,6,10,161,10,23,0.152024
2009,6,10,161,11,20,0.135287
2009,6,10,161,12,21,0.135293
2009,6,10,161,13,18,0.138214
2009,6,10,161,14,23,0.147732
2009,6,10,161,15,19,0.142463
2009,6,10,161,16,21,0.155249
2009,6,12,163,9,23,0.111159
2009,6,12,163,10,23,0.105976
2009,6,12,163,11,25,0.080470
2009,6,12,163,13,24,0.087237
2009,6,12,163,14,21,0.115100
2009,6,12,163,15,24,0.110445
2009,6,13,164,8,41,0.153507
2009,6,13,164,9,39,0.214824
2009,6,13,164,10,40,0.274716
2009,6,13,164,11,41,0.280364
2009,6,13,164,13,36,0.262921
2009,6,13,164,16,44,0.464162
2009,6,14,165,10,31,0.114121
2009,6,14,165,11,24,0.101930
2009,6,14,165,12,24,0.134130
2009,6,14,165,13,32,0.234278
2009,6,14,165,14,28,0.202195
2009,6,19,170,9,18,0.096845
2009,6,19,170,11,20,0.088643
2009,6,19,170,14,20,0.121797
2009,6,19,170,15,21,0.111513
2009,6,20,171,9,19,0.083429
2009,6,20,171,10,15,0.103367
2009,6,20,171,13,15,0.072511
2009,6,22,173,10,13,0.059095
2009,6,22,173,15,12,0.075729
2009,6,22,173,16,17,0.061486
2009,6,25,176,9,144,0.551269
2009,6,25,176,10,169,0.557659
2009,6,25,176,11,165,0.505627
2009,6,25,176,13,159,0.502788
2009,6,25,176,16,160,0.461163
2009,6,26,177,8,96,0.609371
2009,6,26,177,10,111,0.639935
2009,6,26,177,11,110,0.640709
2009,6,26,177,12,112,0.635046
2009,6,26,177,14,119,0.650185
2009,6,26,177,15,116,0.652260
2009,6,26,177,16,115,0.649682
2009,6,27,178,9,74,0.382978
2009,6,27,178,10,74,0.369239
2009,6,27,178,12,74,0.371320
2009,6,27,178,13,82,0.375645
2009,6,27,178,14,73,0.377109
2009,6,27,178,15,84,0.391217
2009,6,27,178,16,77,0.456556
2009,6,28,179,8,81,0.415604
2009,6,28,179,10,92,0.427411
2009,6,28,179,11,95,0.428931
2009,6,28,179,12,97,0.396741
2009,6,28,179,13,92,0.407607
2009,6,28,179,14,90,0.346419
2009,6,28,179,15,85,0.361979
2009,6,28,179,16,91,0.349060
2009,6,29,180,11,35,0.151476
2009,6,29,180,12,45,0.157159
2009,6,29,180,13,57,0.188374
2009,6,29,180,14,58,0.203939
2009,6,29,180,15,55,0.212561
2009,6,29,180,16,55,0.189424
2009,6,30,181,9,9,0.071384
2009,6,30,181,11,12,0.054457
2009,6,30,181,12,14,0.061325
2009,6,30,181,15,14,0.059947
2009,7,1,182,8,62,0.173092
2009,7,1,182,9,60,0.123487
2009,7,1,182,12,59,0.105839
2009,7,1,182,13,50,0.112248
2009,7,1,182,14,53,0.124283
2009,7,1,182,15,54,0.107495
2009,7,1,182,16,35,0.126151
2009,7,2,183,13,59,0.381111
2009,7,2,183,14,53,0.374839
2009,7,2,183,15,62,0.387146
2009,7,7,188,8,26,0.135143
2009,7,7,188,11,26,0.102262
2009,7,7,188,13,20,0.086438
2009,7,7,188,14,16,0.074125
2009,7,7,188,15,14,0.076052
2009,7,8,189,9,7,0.048603
2009,7,8,189,10,11,0.056262
2009,7,8,189,11,15,0.058462
2009,7,8,189,13,16,0.064770
2009,7,8,189,14,12,0.068236
2009,7,8,189,15,21,0.093252
2009,7,8,189,16,21,0.115910
2009,7,9,190,11,28,0.154193
2009,7,9,190,12,37,0.129202
2009,7,9,190,13,37,0.137253
2009,7,9,190,14,37,0.122939
2009,7,9,190,15,27,0.120028
2009,7,10,191,10,56,0.381140
2009,7,10,191,13,52,0.376891
2009,7,10,191,16,47,0.310517
2009,7,12,193,14,10,0.053956
2009,7,12,193,15,9,0.058825
2009,7,13,194,10,38,0.277103
2009,7,13,194,11,53,0.278734
2009,7,13,194,12,41,0.269484
2009,7,13,194,14,47,0.262168
2009,7,16,197,15,19,0.078069
2009,7,16,197,16,2,0.074220
2009,7,17,198,8,20,0.166646
2009,7,17,198,14,24,0.162993
2009,7,20,201,8,34,0.246729
2009,7,20,201,9,29,0.260960
2009,7,23,204,8,51,0.441469
2009,7,23,204,9,53,0.422206
2009,7,23,204,16,58,0.488845
2010,5,2,122,8,7,0.043491
2010,5,2,122,9,4,0.042367
2010,5,2,122,11,10,0.030017
2010,5,2,122,12,6,0.026713
2010,5,2,122,13,19,0.038463
2010,5,2,122,15,15,0.051404
2010,5,2,122,16,15,0.060461
2010,5,3,123,10,41,0.138655
2010,5,4,124,13,22,0.112366
2010,5,4,124,14,21,0.088351
2010,5,4,124,16,15,0.089946
2010,5,5,125,8,22,0.068623
2010,5,5,125,9,22,0.063965
2010,5,5,125,13,27,0.073815
2010,5,5,125,15,18,0.074611
2010,5,5,125,16,19,0.085517
2010,5,6,126,10,6,0.014520
2010,5,6,126,11,3,0.004229
2010,5,6,126,12,8,0.010400
2010,5,6,126,13,19,0.004858
2010,5,7,127,9,23,0.055252
2010,5,7,127,11,14,0.045605
2010,5,7,127,15,24,0.067514
2010,5,8,128,8,22,0.041795
2010,5,8,128,10,6,0.041345
2010,5,8,128,11,27,0.036108
2010,5,8,128,12,12,0.039961
2010,5,8,128,15,23,0.042251
2010,5,8,128,16,9,0.046750
2010,5,9,129,9,11,0.047210
2010,5,9,129,11,14,0.045202
2010,5,9,129,12,13,0.045478
2010,5,9,129,13,31,0.048191
2010,5,9,129,14,30,0.039715
2010,5,9,129,15,13,0.040596
2010,5,9,129,16,21,0.038902
2010,5,16,136,8,16,0.069488
2010,5,18,138,8,27,0.120187
2010,5,18,138,9,24,0.090207
2010,5,18,138,10,22,0.078647
2010,5,18,138,11,26,0.071587
2010,5,19,139,8,31,0.107767
2010,5,19,139,10,24,0.066035
2010,5,19,139,11,29,0.059235
2010,5,21,141,10,23,0.078870
2010,5,21,141,11,32,0.087961
2010,5,21,141,12,31,0.083468
2010,5,21,141,13,23,0.081990
2010,5,21,141,14,25,0.081102
2010,5,21,141,15,49,0.116399
2010,5,21,141,16,26,0.104612
2010,5,22,142,10,17,0.089604
2010,5,22,142,11,21,0.108462
2010,5,22,142,12,22,0.049261
2010,5,22,142,14,28,0.120223
2010,5,22,142,15,30,0.159567
2010,5,23,143,8,45,0.161808
2010,5,23,143,9,47,0.203976
2010,5,23,143,10,50,0.140098
2010,5,23,143,11,32,0.113928
2010,5,23,143,15,21,0.174003
2010,5,23,143,16,30,0.135116
2010,5,24,144,11,32,0.108531
2010,5,25,145,13,69,0.378692
2010,5,25,145,14,68,0.302140
2010,5,25,145,16,75,0.303737
2010,5,26,146,8,79,0.287936
2010,5,26,146,9,74,0.277009
2010,5,26,146,11,99,0.294598
2010,5,26,146,12,98,0.334890
2010,5,26,146,13,93,0.322091
2010,5,27,147,8,85,0.494665
2010,5,29,149,9,24,0.084108
2010,5,29,149,11,26,0.227222
2010,5,29,149,12,23,0.260643
2010,5,30,150,11,31,0.077385
2010,5,30,150,12,30,0.058473
2010,5,30,150,13,34,0.066996
2010,5,30,150,14,29,0.090265
2010,5,31,151,8,73,0.597284
2010,5,31,151,9,80,0.547020
2010,5,31,151,10,78,0.513218
2010,5,31,151,11,69,0.567499
2010,5,31,151,12,63,0.587240
2010,5,31,151,13,72,0.635716
2010,6,2,153,9,93,0.699622
2010,6,2,153,11,97,0.746574
2010,6,2,153,12,93,0.630587
2010,6,2,153,13,102,0.663462
2010,6,2,153,14,97,0.677299
2010,6,2,153,15,110,0.677632
2010,6,2,153,16,99,0.688202
2010,6,3,154,8,120,0.710719
2010,6,3,154,9,116,0.704544
2010,6,3,154,10,138,0.607088
2010,6,3,154,11,144,0.664465
2010,6,3,154,12,169,0.751436
2010,6,3,154,13,150,0.694185
2010,6,3,154,14,134,0.488893
2010,6,3,154,15,123,0.667353
2010,6,3,154,16,129,0.626497
2010,6,5,156,9,12,0.052339
2010,6,5,156,11,9,0.047271
2010,6,5,156,13,18,0.045510
2010,6,5,156,14,17,0.045917
2010,6,5,156,15,16,0.051485
2010,6,5,156,16,21,0.062237
2010,6,6,157,10,17,0.028115
2010,6,6,157,11,23,0.027704
2010,6,6,157,12,11,0.025676
2010,6,6,157,13,27,0.032311
2010,6,6,157,14,12,0.053537
2010,6,6,157,15,29,0.085074
2010,6,7,158,10,39,0.102376
2010,6,7,158,11,38,0.133867
2010,6,7,158,12,26,0.095793
2010,6,7,158,13,25,0.052382
2010,6,7,158,14,33,0.054154
2010,6,7,158,15,35,0.079723
2010,6,7,158,16,32,0.055645
2010,6,8,159,14,59,0.357574
2010,6,8,159,15,47,0.341780
2010,6,8,159,16,56,0.274314
2010,6,10,161,10,61,0.277232
2010,6,11,162,11,18,0.035251
2010,6,11,162,12,18,0.033187
2010,6,12,163,12,31,0.050680
2010,6,12,163,13,21,0.051968
2010,6,12,163,14,27,0.058954
2010,6,12,163,15,16,0.069637
2010,6,12,163,16,27,0.070749
2010,6,13,164,8,42,0.094769
2010,6,13,164,9,33,0.087976
2010,6,13,164,10,33,0.081439
2010,6,13,164,11,37,0.073003
2010,6,13,164,12,26,0.071962
2010,6,13,164,13,22,0.062060
2010,6,13,164,15,27,0.028029
2010,6,13,164,16,41,0.031960
2010,6,14,165,8,13,0.035217
2010,6,14,165,9,3,0.030574
2010,6,14,165,10,10,0.017203
2010,6,14,165,11,9,0.016219
2010,6,14,165,12,8,0.021403
2010,6,14,165,14,16,0.022017
2010,6,14,165,15,11,0.026385
2010,6,14,165,16,19,0.045353
2010,6,15,166,8,18,0.034086
2010,6,15,166,10,28,0.028140
2010,6,15,166,12,29,0.032884
2010,6,15,166,14,15,0.038367
2010,6,16,167,10,13,0.208604
2010,6,16,167,14,33,0.060974
2010,6,16,167,16,21,0.060001
2010,6,17,168,10,32,0.071927
2010,6,17,168,11,25,0.053598
2010,6,17,168,14,26,0.076633
2010,6,17,168,16,13,0.055892
2010,6,18,169,10,16,0.127858
2010,6,20,171,8,27,0.066092
2010,6,20,171,9,14,0.065260
2010,6,20,171,11,22,0.085992
2010,6,20,171,12,31,0.077248
2010,6,20,171,13,27,0.083658
2010,6,21,172,8,15,0.086459
2010,6,21,172,9,20,0.081230
2010,6,21,172,11,19,0.057222
2010,6,21,172,12,14,0.061838
2010,6,21,172,13,30,0.068517
2010,6,22,173,9,30,0.130005
2010,6,22,173,12,42,0.160334
2010,6,22,173,13,37,0.142020
2010,6,22,173,14,45,0.146612
2010,6,22,173,16,41,0.165952
2010,6,26,177,14,13,0.251585
2010,6,27,178,11,17,0.150534
2010,6,27,178,13,13,0.148489
2010,6,27,178,14,22,0.146728
2010,6,27,178,15,19,0.150241
2010,6,28,179,12,59,0.288567
2010,6,28,179,13,88,0.220601
2010,6,28,179,15,83,0.787361
2010,6,28,179,16,70,0.503404
2010,7,3,184,14,37,0.316911
2010,7,4,185,10,28,0.075701
2010,7,6,187,12,78,0.519163
2010,7,6,187,14,83,0.501834
2010,7,7,188,8,85,0.481181
2010,7,7,188,9,89,0.468325
2010,7,7,188,10,72,0.440687
2010,7,7,188,11,83,0.413513
2010,7,7,188,12,71,0.391279
2010,7,7,188,13,64,0.414173
2010,7,7,188,15,77,0.409748
2010,7,8,189,9,31,0.170189
2010,7,8,189,11,39,0.127243
2010,7,8,189,12,40,0.123513
2010,7,8,189,13,32,0.110916
2010,7,8,189,14,37,0.107987
2010,7,8,189,15,37,0.102771
2010,7,8,189,16,41,0.105386
2010,7,9,190,9,25,0.184204
2010,7,9,190,10,25,0.158098
2010,7,9,190,11,30,0.153539
2010,7,9,190,12,35,0.146793
2010,7,9,190,13,27,0.138530
2010,7,9,190,14,34,0.120922
2010,7,9,190,15,35,0.122014
2010,7,12,193,9,12,0.125637
2010,7,12,193,11,27,0.136369
2010,7,14,195,8,46,0.328190
2010,7,14,195,11,47,0.331904
2010,7,14,195,12,57,0.332349
2010,7,14,195,15,72,0.355670
2010,7,14,195,16,61,0.371031
2010,7,15,196,11,43,0.255488
2010,7,15,196,12,57,0.233524
2010,7,15,196,13,17,0.246321
2010,7,16,197,8,39,0.250070
2010,7,16,197,11,33,0.202089
2010,7,16,197,13,47,0.240967
2010,7,19,200,11,21,0.397656
2010,7,23,204,8,46,0.155572
2010,7,23,204,14,31,0.113701
2010,7,23,204,16,17,0.085077
2010,7,24,205,8,24,0.235825
2010,7,24,205,9,29,0.191583
2010,7,24,205,10,31,0.168330
2010,7,24,205,11,23,0.152646
2010,7,24,205,13,28,0.180380
2010,7,24,205,14,25,0.232383
2010,7,24,205,16,21,0.235993
2010,7,25,206,9,41,0.236809
2010,7,25,206,10,56,0.228037
2010,7,25,206,12,66,0.149331
2010,7,25,206,13,68,0.164743
2010,7,25,206,14,53,0.151534
2010,7,25,206,15,46,0.153715
2010,7,25,206,16,64,0.154187
2010,7,26,207,10,42,0.192862
2010,7,26,207,11,49,0.182130
2010,7,26,207,12,43,0.161351
2010,7,26,207,13,60,0.150697
2010,7,27,208,9,21,0.025880
2010,7,27,208,10,16,0.012646
2010,7,27,208,11,29,0.011493
2010,7,27,208,13,16,0.013764
2010,7,27,208,14,9,0.022732
2010,7,27,208,15,30,0.022200
2010,7,27,208,16,22,0.040630
2010,7,30,211,11,46,0.463432
2010,7,31,212,10,34,0.147196
2010,7,31,212,12,38,0.150886
2010,7,31,212,14,36,0.187638
2010,8,1,213,10,24,0.045409
2010,8,1,213,12,14,0.036318
2010,8,1,213,13,10,0.069803
2010,8,1,213,14,24,0.053162
2010,8,2,214,10,15,0.071433
2010,8,2,214,11,15,0.059945
2010,8,2,214,12,7,0.087715
2010,8,2,214,13,27,0.086934
2010,8,2,214,14,15,0.060289
2010,8,3,215,8,35,0.279483
2010,8,4,216,8,46,0.214982
2010,8,4,216,10,14,0.084641
2010,8,4,216,13,32,0.132637
2010,8,5,217,9,12,0.135923
2010,8,5,217,10,12,0.129118
2010,8,5,217,11,16,0.136511
2010,8,5,217,12,16,0.139718
2010,8,5,217,14,16,0.176785
2010,8,6,218,10,35,0.339394
2010,8,6,218,11,52,0.264904
2010,8,6,218,13,46,0.205368
2010,8,6,218,14,27,0.217277
2010,8,6,218,15,25,0.208413
2010,8,7,219,9,11,0.069617
2010,8,7,219,10,19,0.067805
2010,8,9,221,12,5,0.040959
2010,8,9,221,13,6,0.040860
2010,8,10,222,9,9,0.222434
2010,8,10,222,10,15,0.021338
2010,8,10,222,11,15,0.009794
2010,8,10,222,13,11,0.012440
2010,8,10,222,14,9,0.012798
2010,8,11,223,9,12,0.016128
2010,8,11,223,10,9,0.009646
2010,8,12,224,10,13,0.102214
2010,8,12,224,11,13,0.084617
2010,8,12,224,12,11,0.082010
2010,8,13,225,10,17,0.034658
2010,8,13,225,11,18,0.037369
2010,8,13,225,12,21,0.062537
2010,8,13,225,14,24,0.152306
2010,8,14,226,10,12,0.027306
2010,8,14,226,11,18,0.018751
2010,8,14,226,12,8,0.020814
2010,8,14,226,13,8,0.026206
2010,8,14,226,14,10,0.031598
2010,8,14,226,15,12,0.035835
2010,8,15,227,9,11,0.019060
2010,8,15,227,10,7,0.023399
2010,8,15,227,11,9,0.015801
2010,8,15,227,12,8,0.049295
2010,8,15,227,13,13,0.042471
2010,8,17,229,8,24,0.146356
2010,8,17,229,9,30,0.208892
2010,8,17,229,10,29,0.167595
2010,8,17,229,11,29,0.203149
2010,8,17,229,13,43,0.283241
2010,8,17,229,14,41,0.375791
2010,8,17,229,15,47,0.405491
2010,8,17,229,16,50,0.455072
2010,8,18,230,14,87,0.430736
2010,8,18,230,15,93,0.435703
2010,8,18,230,16,94,0.460823
2010,8,19,231,8,86,0.364935
2010,8,19,231,9,68,0.324440
2010,8,19,231,10,66,0.289120
2010,8,19,231,11,74,0.340770
2010,8,20,232,8,69,0.128415
2010,8,20,232,9,41,0.104796
2010,9,2,245,8,29,0.201147
2010,9,2,245,9,47,0.192937
2010,9,2,245,10,67,0.217928
2010,9,2,245,11,60,0.227884
2010,9,2,245,12,61,0.235895
2010,9,2,245,13,62,0.250238
2010,9,2,245,14,70,0.279587
2010,9,2,245,15,92,0.364451
2010,9,3,246,8,67,0.457497
2010,9,3,246,9,40,0.380347
2010,9,3,246,10,31,0.358566
2010,9,3,246,13,58,0.382510
2010,9,3,246,14,47,0.375808
2010,9,3,246,15,27,0.380928
2010,9,3,246,16,41,0.416558
2010,9,4,247,8,28,0.061318
2010,9,4,247,9,18,0.040922
2010,9,4,247,10,12,0.038077
2010,9,4,247,11,17,0.041601
2010,9,4,247,13,26,0.043297
2010,9,5,248,8,17,0.051409
2010,9,5,248,9,23,0.044718
2010,9,5,248,10,28,0.045517
2010,9,5,248,12,31,0.037617
2010,9,5,248,13,25,0.039066
2010,9,6,249,11,10,0.033649
2010,9,6,249,12,24,0.027859
2010,9,6,249,13,17,0.043587
2010,9,6,249,15,17,0.039178
2010,9,7,250,10,25,0.317586
2010,9,7,250,11,9,0.023262
2010,9,7,250,12,5,0.027045
2010,9,7,250,13,20,0.045242
2010,9,7,250,16,7,0.512915
2010,9,12,255,8,21,0.039801
2010,9,12,255,9,15,0.031740
2010,9,12,255,10,16,0.039627
2010,9,12,255,11,12,0.041882
2010,9,12,255,12,16,0.048209
2010,9,13,256,9,18,0.021540
2010,9,13,256,11,29,0.012659
2010,9,13,256,16,17,0.047059
2010,9,14,257,10,23,0.000213
2010,9,14,257,12,21,0.008264
2010,9,14,257,13,7,0.010705
2010,9,15,258,9,27,0.081486
2010,9,15,258,10,33,0.081228
2010,9,15,258,11,24,0.060780
2010,9,15,258,12,20,0.065616
2010,9,15,258,13,35,0.075468
2010,9,15,258,14,28,0.135451
2010,9,15,258,15,28,0.177732
2010,9,16,259,8,37,0.476465
2010,9,16,259,10,17,0.433777
2010,9,16,259,11,12,0.489263
2010,9,16,259,12,16,0.499190
2010,9,16,259,13,21,0.610181
2010,9,16,259,15,33,0.806078
2010,9,16,259,16,17,0.630027
2010,9,17,260,11,33,0.891159
2010,9,17,260,12,20,0.726003
2010,9,17,260,16,35,0.650516
2010,9,18,261,11,10,0.048791
2010,9,18,261,13,20,0.070838
2010,9,18,261,14,23,0.091105
2010,9,18,261,15,26,0.160325
2010,9,21,264,8,114,0.549946
2010,9,21,264,9,108,0.559972
2010,9,21,264,10,91,0.559568
2010,9,22,265,13,23,0.170673
2010,9,22,265,16,37,0.220043
2010,9,23,266,8,25,0.068805
2010,9,24,267,8,22,0.079813
2010,9,24,267,9,24,0.044923
2010,9,24,267,10,38,0.043661
2010,9,24,267,11,14,0.056537
2010,9,24,267,12,22,0.054248
2010,9,24,267,13,33,0.053495
2010,9,24,267,14,9,0.045437
2010,9,24,267,15,22,0.039493
2010,9,24,267,16,13,0.063739
2010,9,26,269,11,11,0.347627
2010,9,26,269,13,11,0.366236
2010,9,27,270,9,9,0.000523
2010,9,27,270,10,3,-0.000552
2010,9,27,270,11,9,-0.000393
2010,9,27,270,12,7,0.002282
2010,9,27,270,13,11,0.006944
2010,9,27,270,14,6,0.014950
2010,9,28,271,8,33,0.055596
2010,9,28,271,9,10,0.064934
2010,9,28,271,10,18,0.062069
2010,9,29,272,16,20,0.163770
2010,9,30,273,14,19,0.738219
2012,1,1,1,9,12,0.093690
2012,1,1,1,10,23,0.094700
2012,1,1,1,11,20,0.086076
2012,1,1,1,12,26,0.118623
2012,1,1,1,13,27,0.115967
2012,1,1,1,14,10,0.080950
2012,1,1,1,15,9,0.080555
2012,1,1,1,16,19,0.093822
2012,1,2,2,8,21,0.099439
2012,1,2,2,12,19,0.103712
2012,1,2,2,14,26,0.122916
2012,1,2,2,15,13,0.140862
2012,1,3,3,9,27,0.123482
2012,1,3,3,10,26,0.134677
2012,1,3,3,11,26,0.104237
2012,1,3,3,12,24,0.104066
2012,1,3,3,13,24,0.119533
2012,1,3,3,14,28,0.114366
2012,1,3,3,15,26,0.101420
2012,1,3,3,16,23,0.124339
2012,1,4,4,8,26,0.091662
2012,1,4,4,9,29,0.079968
2012,1,4,4,10,18,0.066821
2012,1,4,4,11,22,0.062764
2012,1,4,4,12,14,0.056819
2012,1,4,4,13,23,0.053564
2012,1,4,4,14,15,0.050207
2012,1,4,4,15,13,0.078002
2012,1,4,4,16,20,0.074305
2012,1,5,5,8,49,0.104019
2012,1,5,5,11,19,0.052100
2012,1,5,5,14,3,0.033269
2012,1,5,5,15,8,0.044014
2012,1,5,5,16,17,0.052889
2012,1,6,6,8,24,0.059404
2012,1,6,6,9,27,0.052720
2012,1,6,6,10,18,0.045491
2012,1,6,6,11,14,0.047710
2012,1,6,6,12,18,0.049019
2012,1,6,6,13,21,0.047196
2012,1,6,6,14,14,0.040689
2012,1,6,6,15,16,0.046664
2012,1,6,6,16,18,0.053269
2012,1,7,7,8,16,0.041473
2012,1,7,7,9,15,0.039445
2012,1,7,7,15,23,0.094594
2012,1,7,7,16,18,0.074265
2012,1,8,8,10,14,0.098020
2012,1,8,8,11,11,0.063159
2012,1,8,8,12,9,0.046240
2012,1,8,8,13,15,0.066299
2012,1,8,8,15,11,0.058767
2012,1,8,8,16,13,0.068647
2012,1,9,9,8,29,0.061179
2012,1,9,9,9,26,0.053088
2012,1,9,9,15,13,0.076883
2012,1,9,9,16,16,0.093216
2012,1,10,10,8,22,0.041907
2012,1,10,10,9,23,0.043850
2012,1,10,10,10,12,0.038844
2012,1,12,12,8,59,0.032117
2012,1,12,12,9,29,0.031563
2012,1,12,12,10,9,0.033662
2012,1,12,12,13,20,0.042041
2012,1,12,12,14,13,0.038852
2012,1,12,12,15,14,0.048805
2012,1,12,12,16,17,0.049849
2012,1,13,13,8,26,0.097688
2012,1,13,13,9,26,0.078173
2012,1,13,13,10,18,0.058968
2012,1,13,13,11,16,0.075498
2012,1,13,13,12,17,0.051068
2012,1,13,13,14,11,0.079260
2012,1,13,13,15,21,0.065989
2012,1,14,14,8,26,0.085377
2012,1,14,14,9,30,0.068502
2012,1,14,14,10,21,0.079345
2012,1,14,14,12,30,0.038829
2012,1,14,14,13,16,0.044762
2012,1,15,15,8,24,0.062064
2012,1,15,15,10,32,0.065634
2012,1,15,15,13,11,0.051405
2012,1,16,16,8,20,0.068468
2012,1,16,16,9,28,0.070609
2012,1,16,16,10,21,0.053388
2012,1,16,16,11,17,0.046938
2012,1,16,16,13,21,0.060619
2012,1,16,16,15,15,0.075472
2012,1,16,16,16,19,0.047088
2012,1,17,17,10,9,0.044703
2012,1,17,17,14,20,0.079146
2012,1,17,17,15,6,0.056260
2012,1,18,18,8,26,0.030108
2012,1,18,18,9,24,0.025357
2012,1,18,18,10,11,0.037110
2012,1,18,18,13,31,0.050411
2012,1,18,18,14,10,0.033478
2012,1,18,18,15,7,0.043429
2012,1,18,18,16,24,0.059615
2012,1,19,19,8,85,0.050836
2012,1,19,19,9,85,0.056466
2012,1,19,19,10,22,0.044082
2012,1,19,19,11,30,0.032890
2012,1,19,19,12,17,0.049560
2012,1,19,19,13,15,0.047594
2012,1,19,19,14,18,0.046956
2012,1,19,19,15,20,0.044681
2012,1,19,19,16,6,0.061501
2012,1,20,20,8,48,0.061881
2012,1,20,20,9,35,0.055834
2012,1,20,20,10,17,0.048169
2012,1,20,20,11,18,0.063794
2012,1,20,20,12,19,0.061428
2012,1,20,20,13,20,0.060432
2012,1,20,20,14,21,0.060404
2012,1,20,20,15,22,0.066890
2012,1,20,20,16,20,0.075938
2012,1,21,21,8,24,0.066126
2012,1,21,21,9,30,0.055367
2012,1,21,21,10,16,0.049348
2012,1,21,21,11,10,0.047221
2012,1,21,21,12,12,0.045544
2012,1,21,21,14,14,0.047391
2012,1,21,21,15,13,0.048652
2012,1,21,21,16,14,0.034398
2012,1,22,22,8,14,0.045675
2012,1,22,22,9,16,0.046135
2012,1,22,22,10,10,0.040304
2012,1,22,22,11,14,0.040613
2012,1,22,22,13,13,0.035565
2012,1,22,22,15,12,0.041487
2012,1,22,22,16,13,0.040540
2012,1,23,23,8,19,0.025067
2012,1,23,23,9,27,0.037936
2012,1,23,23,10,18,0.026685
2012,1,23,23,11,14,0.024753
2012,1,23,23,12,9,0.025315
2012,1,23,23,13,16,0.027278
2012,1,23,23,15,16,0.029274
2012,1,23,23,16,15,0.035225
2012,1,25,25,8,46,0.024666
2012,1,25,25,9,36,0.017496
2012,1,25,25,10,18,0.016226
2012,1,25,25,11,9,0.017461
2012,1,25,25,12,10,0.018872
2012,1,25,25,13,2,0.014396
2012,1,25,25,14,6,0.013545
2012,1,25,25,15,9,0.022291
2012,1,25,25,16,13,0.021109
2012,1,26,26,8,22,0.037820
2012,1,26,26,9,20,0.036654
2012,1,26,26,10,9,0.036599
2012,1,26,26,13,20,0.022710
2012,1,26,26,14,3,0.027001
2012,1,26,26,15,17,0.033445
2012,1,26,26,16,11,0.036469
2012,1,27,27,8,19,0.062340
2012,1,27,27,9,12,0.063297
2012,1,27,27,10,12,0.044337
2012,1,27,27,11,13,0.048953
2012,1,27,27,12,15,0.046125
2012,1,27,27,14,14,0.042664
2012,1,27,27,15,13,0.037165
2012,1,27,27,16,15,0.043184
2012,1,28,28,9,17,0.055461
2012,1,28,28,10,15,0.046023
2012,1,28,28,12,16,0.065411
2012,1,28,28,13,20,0.043236
2012,1,28,28,14,12,0.045207
2012,1,28,28,15,22,0.064144
2012,1,29,29,8,20,0.046462
2012,1,29,29,9,28,0.056936
2012,1,29,29,10,20,0.056114
2012,1,29,29,14,14,0.084545
2012,1,29,29,15,22,0.078864
2012,1,29,29,16,15,0.079190
2012,1,31,31,9,21,0.093463
2012,1,31,31,10,19,0.074224
2012,1,31,31,11,11,0.060538
2012,2,1,32,16,16,0.088077
2012,2,2,33,8,23,0.087625
2012,2,2,33,9,30,0.063046
2012,2,2,33,10,21,0.060773
2012,2,2,33,11,17,0.066195
2012,2,2,33,12,24,0.060476
2012,2,2,33,13,19,0.120582
2012,2,2,33,14,32,0.061751
2012,2,2,33,15,19,0.071609
2012,2,2,33,16,24,0.083180
2012,2,3,34,16,23,0.098511
2012,2,4,35,8,23,0.102410
2012,2,4,35,9,23,0.066343
2012,2,4,35,10,19,0.056908
2012,2,4,35,11,9,0.067391
2012,2,4,35,12,13,0.052513
2012,2,4,35,13,18,0.051825
2012,2,4,35,14,11,0.046971
2012,2,4,35,15,16,0.050783
2012,2,4,35,16,24,0.068921
2012,2,5,36,8,20,0.056913
2012,2,5,36,9,22,0.052469
2012,2,5,36,10,14,0.046184
2012,2,5,36,11,10,0.055950
2012,2,5,36,12,20,0.054259
2012,2,5,36,13,15,0.053892
2012,2,5,36,14,20,0.071105
2012,2,5,36,15,17,0.064721
2012,2,6,37,8,27,0.071424
2012,2,6,37,9,25,0.075288
2012,2,6,37,10,17,0.056741
2012,2,6,37,11,22,0.068594
2012,2,6,37,12,27,0.066295
2012,2,6,37,13,23,0.052895
2012,2,6,37,14,13,0.075574
2012,2,6,37,15,27,0.061292
2012,2,6,37,16,11,0.055555
2012,2,7,38,10,17,0.053384
2012,2,7,38,16,21,0.096635
2012,2,8,39,8,32,0.098769
2012,2,8,39,9,25,0.093406
2012,2,8,39,10,28,0.086274
2012,2,9,40,8,18,0.078195
2012,2,9,40,9,18,0.059032
2012,2,9,40,10,19,0.060401
2012,2,9,40,11,18,0.049305
2012,2,9,40,15,15,0.042460
2012,2,9,40,16,11,0.056028
2012,2,12,43,10,15,0.065879
2012,2,12,43,11,25,0.064274
2012,2,12,43,12,12,0.053300
2012,2,12,43,13,20,0.045391
2012,2,12,43,14,18,0.037934
2012,2,12,43,15,15,0.043000
2012,2,12,43,16,17,0.058895
2012,2,13,44,8,23,0.042513
2012,2,13,44,12,10,0.022772
2012,2,13,44,13,15,0.021128
2012,2,13,44,14,14,0.022618
2012,2,13,44,15,13,0.025983
2012,2,13,44,16,13,0.034837
2012,2,14,45,8,19,0.030113
2012,2,14,45,9,19,0.034031
2012,2,14,45,10,13,0.035778
2012,2,14,45,11,12,0.032766
2012,2,14,45,12,18,0.032245
2012,2,14,45,13,13,0.023336
2012,2,14,45,14,11,0.026117
2012,2,14,45,15,13,0.031073
2012,2,14,45,16,16,0.036180
2012,2,15,46,8,82,0.057040
2012,2,15,46,10,13,0.061522
2012,2,15,46,11,16,0.060153
2012,2,15,46,12,19,0.066737
2012,2,15,46,13,12,0.072490
2012,2,16,47,8,29,0.058011
2012,2,16,47,9,27,0.053578
2012,2,16,47,11,18,0.050706
2012,2,16,47,12,21,0.063232
2012,2,16,47,13,21,0.087390
2012,2,16,47,15,37,0.086176
2012,2,16,47,16,13,0.070038
2012,2,17,48,8,77,0.054151
2012,2,17,48,9,19,0.052280
2012,2,17,48,12,20,0.041786
2012,2,18,49,8,29,0.030587
2012,2,18,49,10,7,0.021011
2012,2,18,49,11,24,0.020810
2012,2,18,49,12,5,0.018196
2012,2,18,49,13,9,0.014588
2012,2,18,49,14,13,0.013617
2012,2,18,49,15,11,0.012882
2012,2,18,49,16,9,0.017380
2012,2,19,50,8,11,0.032181
2012,2,19,50,9,8,0.033787
2012,2,19,50,11,6,0.026181
2012,2,19,50,12,11,0.019945
2012,2,19,50,13,18,0.016678
2012,2,19,50,14,17,0.021754
2012,2,19,50,15,21,0.021666
2012,2,19,50,16,21,0.026364
2012,2,20,51,10,18,0.008137
2012,2,20,51,11,7,0.016739
2012,2,20,51,12,3,0.015530
2012,2,20,51,15,4,0.039324
2012,2,20,51,16,13,0.026292
2012,2,21,52,8,18,0.039292
2012,2,21,52,10,14,0.037808
2012,2,22,53,16,7,0.040653
2012,2,23,54,8,19,0.051269
2012,2,23,54,9,14,0.040337
2012,2,23,54,10,10,0.047719
2012,2,23,54,12,16,0.055458
2012,2,23,54,13,20,0.057764
2012,2,23,54,14,19,0.075912
2012,2,23,54,15,17,0.073746
2012,2,23,54,16,18,0.079041
2012,2,24,55,8,23,0.041848
2012,2,24,55,9,21,0.031359
2012,2,24,55,14,13,0.075002
2012,2,24,55,15,21,0.056287
2012,2,24,55,16,16,0.039907
2012,2,25,56,8,20,0.081820
2012,2,25,56,9,23,0.073404
2012,2,25,56,16,16,0.083262
2012,2,26,57,8,27,0.109289
2012,2,26,57,9,24,0.091034
2012,2,26,57,11,17,0.105057
2012,2,26,57,14,16,0.092205
2012,2,26,57,15,20,0.079222
2012,2,26,57,16,15,0.078143
2012,2,27,58,8,23,0.101575
2012,2,27,58,13,11,0.080972
2012,2,27,58,16,22,0.121217
2012,2,28,59,15,19,0.125423
2012,2,28,59,16,22,0.103869
2012,2,29,60,8,35,0.104263
2012,2,29,60,9,33,0.115305
2012,2,29,60,15,16,0.069471
2012,3,1,61,8,29,0.069433
2012,3,2,62,10,20,0.099239
2012,3,2,62,11,15,0.112041
2012,3,2,62,12,21,0.094232
2012,3,2,62,13,4,0.082630
2012,3,2,62,16,31,0.090173
2012,3,3,63,8,27,0.102197
2012,3,3,63,14,16,0.097305
2012,3,4,64,8,10,0.064167
2012,3,4,64,14,21,0.084466
2012,3,4,64,15,21,0.100243
2012,3,4,64,16,22,0.114249
2012,3,5,65,8,21,0.077369
2012,3,5,65,9,15,0.089866
2012,3,5,65,10,20,0.082597
2012,3,5,65,11,26,0.070343
2012,3,5,65,12,12,0.066125
2012,3,5,65,13,22,0.086664
2012,3,5,65,14,34,0.069522
2012,3,5,65,15,33,0.068144
2012,3,5,65,16,8,0.080907
2012,3,6,66,8,35,0.126899
2012,3,6,66,11,39,0.111922
2012,3,6,66,14,30,0.130223
2012,3,7,67,8,37,0.126944
2012,3,7,67,9,43,0.167877
2012,3,7,67,11,85,0.252909
2012,3,8,68,8,33,0.079861
2012,3,8,68,9,24,0.097262
2012,3,8,68,10,28,0.072549
2012,3,8,68,11,28,0.067664
2012,3,8,68,13,22,0.068802
2012,3,8,68,14,22,0.081019
2012,3,8,68,15,23,0.087172
2012,3,8,68,16,25,0.083730
2012,3,9,69,10,22,0.126126
2012,3,10,70,11,23,0.188532
2012,3,12,72,8,26,0.088465
2012,3,12,72,9,23,0.081363
2012,3,13,73,8,20,0.060587
2012,3,13,73,9,11,0.039725
2012,3,13,73,10,4,0.037516
2012,3,13,73,11,22,0.035746
2012,3,13,73,12,13,0.057614
2012,3,13,73,13,12,0.078259
2012,3,13,73,14,24,0.066180
2012,3,13,73,15,14,0.068262
2012,3,13,73,16,18,0.069053
2012,3,14,74,8,27,0.063893
2012,3,16,76,12,27,0.103771
2012,3,16,76,14,31,0.100216
2012,3,16,76,15,43,0.122885
2012,3,16,76,16,51,0.153686
2012,3,18,78,8,37,0.241251
2012,3,20,80,14,36,0.152097
2012,4,10,101,9,28,0.032905
2012,4,10,101,10,7,0.033843
2012,4,10,101,11,15,0.050097
2012,4,10,101,12,24,0.041557
2012,4,10,101,13,5,0.033354
2012,4,10,101,14,22,0.042558
2012,4,10,101,15,24,0.051784
2012,4,10,101,16,13,0.053046
2012,4,11,102,11,23,0.050825
2012,4,11,102,13,12,0.043551
2012,4,11,102,16,21,0.091242
2012,4,12,103,9,13,0.072402
2012,4,12,103,10,14,0.064474
2012,4,12,103,11,18,0.085511
2012,4,12,103,12,23,0.082302
2012,4,12,103,14,16,0.073517
2012,4,12,103,16,20,0.097370
2012,4,13,104,8,17,0.085348
2012,4,13,104,9,20,0.080955
2012,4,13,104,10,16,0.075228
2012,4,13,104,11,27,0.052659
2012,4,13,104,12,12,0.050652
2012,4,13,104,13,32,0.068867
2012,4,13,104,14,20,0.077439
2012,4,13,104,16,22,0.077598
2012,4,14,105,10,14,0.035568
2012,4,14,105,11,6,0.047022
2012,4,14,105,12,18,0.060949
2012,4,15,106,16,12,0.059651
2012,4,16,107,8,22,0.108182
2012,4,16,107,9,22,0.086002
2012,4,19,110,11,21,0.040062
2012,4,20,111,11,12,0.019204
2012,4,20,111,12,6,0.020246
2012,4,20,111,14,7,0.032249
2012,4,22,113,9,17,0.030777
2012,4,22,113,10,5,0.034307
2012,4,22,113,11,9,0.049849
2012,4,22,113,12,12,0.041786
2012,4,22,113,13,16,0.060103
2012,4,22,113,14,9,0.050579
2012,4,22,113,15,13,0.068803
2012,4,22,113,16,12,0.070275
2012,4,23,114,8,21,0.070731
2012,4,23,114,9,20,0.070076
2012,4,23,114,10,21,0.094679
2012,4,23,114,11,22,0.098588
2012,4,23,114,12,18,0.080454
2012,4,23,114,13,23,0.090465
2012,4,23,114,14,25,0.080925
2012,4,23,114,15,19,0.070777
2012,4,23,114,16,16,0.067688
2012,4,24,115,8,22,0.070639
2012,4,27,118,9,13,0.040344
2012,4,28,119,8,23,0.043246
2012,4,28,119,13,19,0.040893
2012,4,28,119,15,24,0.082634
2012,4,28,119,16,15,0.060665
2012,4,29,120,9,16,0.082977
2012,4,29,120,10,14,0.073869
2012,4,29,120,12,11,0.067883
2012,4,29,120,13,18,0.064772
2012,4,29,120,14,15,0.071804
2012,4,29,120,16,16,0.101031
2012,4,30,121,8,26,0.073442
2012,4,30,121,9,21,0.064705
2012,4,30,121,10,19,0.071950
2012,4,30,121,11,17,0.074918
2012,4,30,121,12,20,0.090260
2012,5,9,130,11,8,0.062863
2012,5,9,130,12,21,0.071350
2012,5,9,130,13,15,0.065370
2012,5,11,132,13,70,0.228328
2012,5,12,133,14,86,0.521084
2012,5,12,133,15,84,0.516470
2012,5,14,135,8,32,0.274978
2012,5,14,135,9,19,0.228653
2012,5,14,135,10,21,0.195352
2012,5,14,135,11,31,0.168217
2012,5,14,135,13,39,0.164169
2012,5,14,135,15,37,0.213704
2012,5,15,136,8,25,0.091146
2012,5,15,136,10,20,0.084392
2012,5,15,136,11,30,0.098327
2012,5,15,136,12,13,0.095057
2012,5,15,136,13,16,0.075512
2012,5,15,136,14,11,0.074945
2012,5,15,136,16,16,0.079111
2012,5,16,137,8,6,0.058907
2012,5,16,137,9,35,0.089157
2012,5,17,138,14,13,0.072410
2012,5,18,139,10,42,0.167854
2012,5,18,139,11,45,0.171385
2012,5,18,139,12,47,0.185917
2012,5,18,139,13,48,0.159188
2012,5,18,139,14,46,0.173272
2012,5,19,140,8,19,0.221776
2012,5,19,140,9,21,0.223723
2012,5,19,140,13,26,0.144085
2012,5,19,140,15,26,0.284529
2012,5,20,141,11,29,0.113791
2012,5,20,141,12,35,0.116435
2012,5,20,141,13,31,0.125742
2012,5,20,141,14,28,0.223695
2012,5,21,142,8,61,0.170884
2012,5,21,142,9,20,0.176407
2012,5,21,142,11,57,0.197529
2012,5,21,142,13,45,0.258101
2012,5,21,142,14,29,0.165200
2012,5,21,142,15,28,0.172564
2012,5,21,142,16,34,0.188320
2012,5,22,143,8,44,0.179745
2012,5,22,143,9,27,0.177555
2012,5,22,143,10,44,0.165506
2012,5,22,143,12,60,0.173502
2012,5,22,143,13,38,0.146545
2012,5,22,143,14,41,0.153810
2012,5,22,143,15,52,0.166771
2012,5,22,143,16,54,0.183310
2012,5,23,144,10,57,0.177774
2012,5,23,144,11,44,0.150132
2012,5,23,144,14,49,0.143406
2012,5,23,144,15,46,0.147923
2012,5,23,144,16,54,0.165568
2012,5,24,145,8,29,0.093172
2012,5,24,145,9,25,0.095795
2012,5,24,145,10,18,0.091458
2012,5,24,145,12,36,0.112598
2012,5,24,145,13,19,0.100936
2012,5,24,145,14,30,0.104499
2012,5,24,145,15,30,0.103880
2012,5,24,145,16,29,0.110252
2012,5,25,146,8,23,0.078141
2012,5,25,146,10,26,0.093291
2012,5,25,146,11,21,0.094900
2012,5,25,146,12,26,0.089948
2012,5,25,146,13,20,0.102482
2012,5,25,146,14,29,0.111345
2012,5,25,146,15,21,0.108843
2012,5,25,146,16,25,0.119287
2012,5,26,147,9,21,0.090529
2012,5,26,147,10,10,0.077964
2012,5,26,147,11,13,0.082788
2012,5,26,147,12,17,0.098578
2012,5,26,147,15,15,0.108861
2012,5,27,148,10,15,0.067156
2012,5,27,148,11,8,0.062768
2012,5,27,148,12,20,0.050036
2012,5,27,148,13,15,0.047439
2012,5,27,148,14,8,0.047769
2012,5,27,148,15,18,0.042692
2012,5,27,148,16,13,0.047825
2012,5,28,149,8,22,0.116440
2012,5,28,149,9,13,0.131950
2012,5,28,149,10,22,0.127338
2012,5,28,149,11,24,0.136759
2012,5,28,149,12,47,0.130888
2012,5,28,149,13,43,0.126768
2012,5,28,149,14,37,0.140720
2012,5,28,149,15,38,0.149654
2012,5,28,149,16,33,0.143058
2012,5,29,150,8,55,0.298241
2012,5,29,150,9,37,0.233453
2012,5,29,150,10,33,0.212356
2012,5,29,150,12,22,0.226643
2012,5,29,150,14,31,0.146638
2012,5,29,150,15,21,0.185041
2012,5,29,150,16,31,0.164619
2012,5,30,151,8,75,0.275267
2012,5,30,151,9,77,0.276278
2012,5,30,151,11,94,0.225225
2012,6,1,153,8,63,0.385445
2012,6,1,153,10,74,0.398851
2012,6,1,153,11,64,0.402767
2012,6,1,153,12,53,0.385396
2012,6,1,153,13,57,0.376512
2012,6,1,153,14,63,0.438981
2012,6,1,153,15,95,0.450688
2012,6,2,154,14,80,0.356715
2012,6,2,154,15,85,0.364340
2012,6,2,154,16,70,0.363982
2012,6,3,155,8,63,0.393613
2012,6,3,155,9,57,0.391778
2012,6,3,155,10,51,0.419911
2012,6,3,155,11,85,0.394393
2012,6,3,155,13,75,0.390384
2012,6,3,155,14,69,0.370669
2012,6,3,155,15,73,0.364226
2012,6,3,155,16,71,0.352446
2012,6,4,156,9,60,0.277135
2012,6,4,156,10,54,0.279475
2012,6,4,156,11,90,0.276928
2012,6,4,156,12,86,0.264955
2012,6,4,156,13,89,0.260443
2012,6,4,156,14,79,0.262143
2012,6,4,156,15,76,0.265243
2012,6,4,156,16,84,0.253385
2012,6,5,157,8,34,0.049245
2012,6,5,157,9,16,0.054968
2012,6,5,157,10,19,0.048316
2012,6,5,157,11,24,0.040583
2012,6,5,157,12,22,0.048858
2012,6,5,157,13,32,0.076357
2012,6,5,157,14,28,0.082257
2012,6,5,157,15,13,0.083971
2012,6,5,157,16,22,0.079648
2012,6,6,158,12,32,0.139474
2012,6,6,158,15,39,0.250014
2012,6,7,159,10,29,0.236234
2012,6,7,159,11,49,0.214812
2012,6,7,159,12,40,0.230960
2012,6,7,159,13,49,0.229338
2012,6,7,159,14,65,0.623580
2012,6,8,160,8,54,0.290621
2012,6,8,160,12,19,0.224797
2012,6,8,160,14,37,0.203116
2012,6,8,160,15,54,0.362046
2012,6,8,160,16,24,0.420613
2012,6,9,161,11,36,0.068039
2012,6,9,161,12,26,0.065757
2012,6,9,161,13,41,0.062269
2012,6,9,161,14,25,0.058483
2012,6,9,161,15,18,0.061757
2012,6,9,161,16,30,0.066315
2012,6,10,162,8,39,0.153419
2012,6,10,162,10,52,0.153857
2012,6,10,162,11,43,0.145344
2012,6,10,162,12,44,0.165525
2012,6,10,162,13,46,0.162160
2012,6,10,162,14,46,0.158217
2012,6,10,162,15,40,0.148289
2012,6,10,162,16,49,0.147777
2012,6,11,163,11,36,0.298772
2012,6,11,163,12,48,0.308573
2012,6,11,163,14,58,0.295612
2012,6,11,163,15,37,0.299013
2012,6,12,164,8,74,0.324289
2012,6,12,164,9,56,0.352278
2012,6,12,164,11,64,0.351859
2012,6,12,164,13,73,0.331883
2012,6,12,164,14,70,0.320875
2012,6,12,164,15,54,0.316416
2012,6,12,164,16,62,0.346080
2012,6,13,165,9,33,0.376208
2012,6,13,165,11,40,0.310243
2012,6,16,168,8,64,0.513980
2012,6,16,168,9,66,0.468564
2012,6,16,168,13,61,0.408069
2012,6,16,168,14,60,0.403918
2012,6,16,168,15,59,0.415067
2012,6,17,169,8,51,0.501761
2012,6,17,169,9,56,0.507033
2012,6,17,169,10,59,0.496121
2012,6,17,169,11,61,0.493191
2012,6,17,169,12,62,0.454209
2012,6,17,169,13,58,0.461909
2012,6,18,170,9,44,0.290451
2012,6,18,170,10,49,0.293717
2012,6,18,170,12,43,0.233127
2012,6,18,170,15,34,0.128334
2012,6,19,171,10,26,0.106240
2012,6,19,171,14,42,0.218894
2012,6,19,171,15,41,0.236860
2012,6,21,173,11,55,0.446448
2012,6,21,173,12,47,0.430983
2012,6,21,173,13,51,0.426744
2012,6,21,173,15,59,0.410130
2012,6,21,173,16,59,0.412514
2012,6,22,174,8,78,0.478922
2012,6,22,174,9,74,0.416052
2012,6,22,174,10,67,0.423515
2012,6,22,174,11,66,0.392367
2012,6,22,174,12,58,0.382514
2012,6,22,174,13,69,0.378668
2012,6,22,174,14,64,0.398610
2012,6,22,174,15,66,0.405899
2012,6,22,174,16,62,0.376922
2012,6,23,175,8,22,0.068038
2012,6,23,175,13,21,0.079292
2012,6,23,175,14,23,0.084271
2012,6,23,175,15,21,0.081074
2012,6,23,175,16,24,0.071877
2012,6,24,176,8,25,0.143353
2012,6,24,176,9,26,0.141411
2012,6,24,176,10,24,0.131031
2012,6,24,176,11,22,0.122469
2012,6,24,176,12,20,0.127888
2012,6,24,176,13,20,0.140690
2012,6,24,176,14,17,0.149817
2012,6,24,176,15,23,0.128438
2012,6,24,176,16,25,0.082945
2012,6,25,177,9,27,0.128819
2012,6,25,177,10,32,0.132380
2012,6,25,177,11,39,0.152071
2012,6,25,177,12,37,0.152447
2012,6,25,177,13,38,0.170386
2012,6,25,177,14,39,0.211328
2012,6,25,177,15,42,0.230611
2012,6,25,177,16,42,0.263163
2012,6,26,178,8,38,0.417197
2012,6,26,178,9,46,0.400445
2012,6,26,178,13,77,0.414774
2012,6,26,178,15,71,0.423461
2012,6,26,178,16,76,0.459646
2012,6,27,179,10,88,0.534732
2012,6,27,179,14,70,0.369597
2012,6,27,179,16,72,0.278246
2012,6,28,180,8,42,0.147565
2012,6,28,180,9,33,0.137473
2012,6,28,180,10,36,0.152686
2012,6,28,180,11,28,0.137151
2012,6,28,180,12,32,0.147194
2012,6,28,180,13,25,0.136546
2012,6,28,180,14,40,0.143603
2012,6,28,180,15,35,0.144495
2012,6,28,180,16,35,0.153671
2012,6,29,181,8,28,0.145383
2012,6,29,181,9,28,0.157145
2012,6,29,181,10,28,0.169551
2012,6,29,181,11,31,0.173199
2012,6,29,181,12,29,0.163362
2012,6,29,181,13,37,0.182314
2012,6,29,181,14,31,0.206703
2012,6,29,181,15,27,0.225877
2012,6,29,181,16,38,0.226851
2012,7,5,187,8,67,0.519507
2012,7,5,187,11,82,0.428895
2012,7,5,187,13,98,0.578758
2012,7,5,187,14,74,0.542373
2012,7,5,187,15,75,0.498472
2012,7,5,187,16,62,0.410075
2012,7,8,190,8,19,0.034427
2012,7,8,190,9,9,0.044162
2012,7,8,190,11,13,0.034226
2012,7,8,190,12,16,0.033577
2012,7,8,190,13,12,0.028221
2012,7,8,190,14,14,0.030958
2012,7,8,190,15,19,0.033453
2012,7,8,190,16,3,0.028085
2012,7,9,191,8,16,0.058656
2012,7,9,191,12,24,0.128847
2012,7,9,191,13,32,0.113538
2012,7,9,191,14,36,0.141994
2012,7,9,191,15,44,0.171487
2012,7,9,191,16,55,0.286728
2012,7,10,192,8,65,0.386519
2012,7,10,192,9,67,0.372582
2012,7,10,192,10,70,0.351775
2012,7,10,192,11,71,0.342730
2012,7,10,192,12,66,0.371454
2012,7,10,192,13,85,0.342378
2012,7,10,192,14,81,0.335234
2012,7,10,192,16,86,0.353638
2012,7,11,193,9,41,0.380477
2012,7,11,193,12,53,0.341531
2012,7,11,193,13,61,0.351969
2012,7,11,193,14,41,0.316788
2012,7,11,193,15,52,0.323432
2012,7,11,193,16,49,0.322036
2012,7,12,194,12,22,0.103436
2012,7,12,194,14,10,0.089924
2012,7,12,194,15,8,0.093798
2012,7,13,195,8,16,0.046377
2012,7,13,195,9,6,0.053756
2012,7,13,195,10,12,0.044711
2012,7,13,195,11,13,0.033555
2012,7,13,195,12,13,0.054587
2012,7,13,195,13,17,0.036514
2012,7,13,195,14,14,0.054780
2012,7,13,195,15,18,0.050898
2012,7,13,195,16,16,0.075210
2012,7,14,196,12,81,0.450971
2012,7,14,196,13,66,0.515503
2012,7,14,196,14,79,0.519715
2012,7,14,196,16,82,0.651762
2012,7,15,197,12,36,0.317923
2012,7,16,198,8,45,0.340027
2012,7,16,198,9,37,0.354553
2012,7,16,198,10,44,0.342097
2012,7,16,198,13,45,0.325925
2012,7,16,198,16,59,0.367361
2012,7,17,199,8,40,0.215172
2012,7,17,199,9,32,0.186335
2012,7,18,200,9,13,0.081330
2012,7,18,200,10,15,0.088364
2012,7,18,200,11,4,0.067069
2012,7,18,200,13,4,0.067076
2012,7,18,200,14,11,0.058463
2012,7,18,200,15,16,0.073873
2012,7,18,200,16,17,0.095316
2012,7,20,202,9,77,0.500572
2012,7,23,205,14,46,0.494950
2012,7,24,206,8,65,0.342454
2012,7,24,206,9,57,0.293167
2012,7,24,206,10,67,0.289914
2012,7,24,206,12,83,0.339352
2012,7,24,206,13,64,0.336772
2012,7,24,206,14,63,0.295251
2012,7,24,206,15,55,0.300663
2012,7,24,206,16,83,0.297297
2012,7,25,207,8,57,0.316764
2012,7,25,207,9,47,0.296168
2012,7,25,207,10,33,0.295002
2012,7,25,207,11,61,0.279040
2012,7,25,207,12,51,0.273407
2012,7,25,207,13,55,0.274725
2012,7,25,207,14,56,0.274759
2012,7,25,207,15,65,0.251722
2012,7,25,207,16,41,0.279619
2012,7,26,208,8,53,0.249843
2012,7,26,208,11,51,0.247087
2012,7,26,208,12,85,0.247354
2012,7,27,209,8,43,0.138759
2012,7,27,209,9,27,0.112693
2012,7,27,209,12,45,0.102514
2012,7,27,209,13,15,0.119624
2012,7,27,209,14,32,0.104744
2012,7,27,209,15,44,0.105579
2012,7,27,209,16,46,0.094451
2012,7,29,211,8,62,0.358485
2012,7,29,211,9,45,0.455853
2012,7,29,211,14,40,0.268584
2012,7,29,211,15,48,0.262225
2012,7,29,211,16,68,0.251189
