#year,month,day,julian_day,heure,aot1020,aot870,aot675,aot440
2009,3,12,71,8,0.055997,0.068230,0.073285,0.104610
2009,3,13,72,9,0.034144,0.044643,0.048783,0.062289
2009,3,14,73,8,0.090547,0.096711,0.096891,0.106868
2009,3,14,73,9,0.063047,0.072866,0.076014,0.088664
2009,3,14,73,10,0.066594,0.078397,0.083828,0.101690
2009,3,14,73,15,0.062095,0.070717,0.074440,0.087207
2009,3,14,73,16,0.079226,0.084693,0.088573,0.102376
2009,3,15,74,10,0.042987,0.052896,0.055670,0.068168
2009,3,15,74,13,0.059654,0.070677,0.075604,0.089489
2009,3,16,75,8,0.045427,0.051573,0.052005,0.063279
2009,3,16,75,11,0.012693,0.025585,0.030543,0.044412
2009,3,16,75,12,0.015193,0.027904,0.033558,0.047075
2009,3,16,75,13,0.017956,0.029774,0.035214,0.048571
2009,3,16,75,14,0.023292,0.034005,0.038260,0.052448
2009,3,17,76,9,0.064658,0.075348,0.080330,0.098898
2009,3,17,76,10,0.058263,0.070154,0.075981,0.094789
2009,3,17,76,12,0.093806,0.105169,0.117502,0.135678
2009,3,17,76,13,0.080245,0.091470,0.100304,0.121703
2009,3,17,76,14,0.062386,0.072852,0.080869,0.100696
2009,3,17,76,15,0.051966,0.060078,0.067036,0.085460
2009,3,17,76,16,0.047130,0.052943,0.058985,0.075453
2009,3,18,77,8,0.066432,0.074022,0.075907,0.088038
2009,3,18,77,9,0.040534,0.050422,0.054502,0.067445
2009,3,18,77,10,0.032007,0.043563,0.049180,0.062523
2009,3,18,77,11,0.036938,0.049797,0.055109,0.067679
2009,3,18,77,12,0.041039,0.054625,0.060666,0.075533
2009,3,18,77,14,0.084615,0.095623,0.101070,0.119374
2009,3,18,77,15,0.061642,0.070165,0.075220,0.090739
2009,3,19,78,8,0.049535,0.056731,0.059519,0.075911
2009,3,19,78,9,0.055848,0.063438,0.068649,0.085435
2009,3,19,78,10,0.036813,0.051029,0.053938,0.069849
2009,3,19,78,11,0.035819,0.049180,0.054387,0.069830
2009,3,19,78,12,0.046221,0.055447,0.064245,0.083449
2009,3,19,78,15,0.051417,0.059608,0.064138,0.079024
2009,3,19,78,16,0.058832,0.063641,0.067757,0.081298
2009,3,20,79,8,0.053400,0.060682,0.062652,0.076300
2009,3,20,79,9,0.031280,0.042132,0.044904,0.058624
2009,3,20,79,10,0.028854,0.040144,0.044294,0.058570
2009,3,20,79,11,0.042379,0.054189,0.058885,0.074965
2009,3,20,79,12,0.035807,0.049609,0.054788,0.072519
2009,3,20,79,13,0.027870,0.039455,0.044745,0.062761
2009,3,20,79,14,0.022624,0.033286,0.038643,0.057571
2009,3,20,79,15,0.036878,0.045440,0.050326,0.070547
2009,3,20,79,16,0.054203,0.060263,0.064015,0.085630
2009,3,21,80,8,0.068745,0.074853,0.075624,0.092119
2009,3,21,80,9,0.076445,0.085690,0.089344,0.108777
2009,3,21,80,11,0.064953,0.076503,0.081397,0.102349
2009,3,21,80,13,0.057004,0.067814,0.076237,0.100268
2009,3,21,80,14,0.057823,0.067773,0.074016,0.095520
2009,3,23,82,8,0.045064,0.054326,0.060411,0.089588
2009,3,23,82,11,0.036049,0.050919,0.059183,0.088880
2009,3,26,85,8,0.140944,0.138011,0.136824,0.151270
2009,3,26,85,13,0.094028,0.103892,0.108933,0.124716
2009,3,26,85,16,0.113941,0.118200,0.123400,0.146417
2009,3,27,86,8,0.105546,0.113819,0.120954,0.150331
2009,3,28,87,8,0.100813,0.107742,0.110345,0.130481
2009,3,29,88,9,0.064817,0.076843,0.080992,0.102691
2009,3,29,88,10,0.067874,0.080260,0.086499,0.108246
2009,3,30,89,8,0.051914,0.063200,0.067995,0.093494
2009,3,31,90,8,0.085755,0.091953,0.092961,0.106167
2009,3,31,90,11,0.066446,0.080133,0.083441,0.099945
2009,3,31,90,12,0.071176,0.079672,0.085207,0.103003
2009,3,31,90,14,0.047356,0.056813,0.062788,0.079005
2009,4,1,91,8,0.050025,0.057870,0.060911,0.078799
2009,4,1,91,9,0.039796,0.053721,0.058023,0.077866
2009,4,1,91,11,0.059496,0.072390,0.079088,0.098624
2009,4,1,91,12,0.057318,0.070649,0.076664,0.098283
2009,4,2,92,8,0.028561,0.037014,0.040975,0.058013
2009,4,3,93,8,0.030067,0.038471,0.041477,0.058035
2009,4,5,95,8,0.025591,0.037347,0.044253,0.067047
2009,4,5,95,9,0.025733,0.041902,0.050288,0.073611
2009,4,5,95,10,0.022524,0.036627,0.044412,0.067972
2009,4,5,95,11,0.031169,0.042641,0.053168,0.079437
2009,4,5,95,12,0.032216,0.045465,0.057937,0.087608
2009,4,5,95,13,0.030034,0.044098,0.055876,0.085962
2009,4,5,95,14,0.026140,0.038739,0.048573,0.075812
2009,4,5,95,15,0.031221,0.042144,0.051551,0.081181
2009,4,5,95,16,0.031411,0.039366,0.047999,0.076524
2009,4,6,96,8,0.029182,0.038733,0.045057,0.068810
2009,4,6,96,9,0.025112,0.036155,0.044030,0.069620
2009,4,6,96,12,0.020224,0.034874,0.044627,0.070241
2009,4,6,96,13,0.022875,0.035910,0.045476,0.070997
2009,4,6,96,14,0.026066,0.036247,0.046210,0.072038
2009,4,6,96,15,0.024753,0.034904,0.043392,0.068801
2009,4,6,96,16,0.036351,0.044410,0.053524,0.082406
2009,4,7,97,9,0.027821,0.040827,0.048396,0.074386
2009,4,7,97,10,0.017295,0.031598,0.038282,0.062334
2009,4,7,97,11,0.027085,0.043720,0.050797,0.079072
2009,4,7,97,12,0.018548,0.033965,0.043662,0.070227
2009,4,7,97,13,0.022906,0.035234,0.046339,0.072350
2009,4,7,97,14,0.019923,0.031181,0.041517,0.067260
2009,4,8,98,10,0.045988,0.061254,0.072665,0.109071
2009,4,8,98,11,0.045751,0.060345,0.071212,0.107313
2009,4,8,98,12,0.045224,0.058606,0.073506,0.112781
2009,4,8,98,13,0.045440,0.058788,0.072003,0.110012
2009,4,8,98,14,0.043495,0.055884,0.067014,0.102093
2009,4,8,98,15,0.055950,0.066639,0.077630,0.115920
2009,4,8,98,16,0.055798,0.065381,0.077409,0.118012
2009,4,10,100,9,0.076274,0.087978,0.091741,0.113749
2009,4,10,100,10,0.069379,0.082297,0.090242,0.117498
2009,4,10,100,11,0.063308,0.077187,0.083328,0.107496
2009,4,10,100,12,0.103897,0.115775,0.123813,0.146712
2009,4,10,100,13,0.037393,0.052225,0.058954,0.081721
2009,4,10,100,15,0.076856,0.085515,0.089689,0.109390
2009,4,10,100,16,0.098136,0.101987,0.105044,0.123841
2009,4,11,101,8,0.054823,0.063005,0.066848,0.088606
2009,4,11,101,9,0.048812,0.059569,0.064897,0.084150
2009,4,11,101,10,0.033119,0.046460,0.051341,0.070232
2009,4,11,101,11,0.045268,0.059666,0.062729,0.082255
2009,4,11,101,13,0.039843,0.051045,0.058542,0.077985
2009,4,11,101,14,0.031976,0.043213,0.049025,0.067742
2009,4,12,102,8,0.080551,0.089129,0.092533,0.112334
2009,4,12,102,9,0.049474,0.061017,0.065501,0.083388
2009,4,12,102,10,0.055100,0.067801,0.072008,0.090226
2009,4,12,102,11,0.065801,0.078775,0.084616,0.105694
2009,4,14,104,8,0.087288,0.099571,0.108664,0.135536
2009,4,14,104,9,0.062912,0.074122,0.084233,0.112470
2009,4,14,104,10,0.062061,0.073646,0.084430,0.113490
2009,4,14,104,11,0.065706,0.077705,0.088093,0.115090
2009,4,14,104,12,0.045569,0.058182,0.066814,0.088502
2009,4,14,104,13,0.033786,0.045851,0.054079,0.074493
2009,4,14,104,14,0.034308,0.046059,0.052429,0.071672
2009,4,14,104,15,0.042534,0.050659,0.056392,0.075771
2009,4,14,104,16,0.049088,0.054744,0.058870,0.077425
2009,4,15,105,8,0.065503,0.072182,0.073617,0.087234
2009,4,15,105,12,0.039987,0.053573,0.058797,0.075911
2009,4,15,105,13,0.035601,0.048461,0.053829,0.071198
2009,4,15,105,14,0.041487,0.053140,0.058346,0.075451
2009,4,15,105,15,0.056328,0.064562,0.068345,0.085039
2009,4,15,105,16,0.058927,0.065460,0.068473,0.086490
2009,4,16,106,9,0.054128,0.063935,0.067826,0.083220
2009,4,16,106,10,0.047969,0.060896,0.065100,0.081603
2009,4,16,106,11,0.049539,0.063296,0.066733,0.084229
2009,4,16,106,12,0.062575,0.076513,0.080969,0.101139
2009,4,16,106,14,0.078016,0.085990,0.089654,0.108158
2009,4,16,106,15,0.089839,0.099074,0.102575,0.120346
2009,4,16,106,16,0.079759,0.085303,0.086764,0.103269
2009,4,17,107,11,0.051404,0.064020,0.067125,0.081021
2009,4,17,107,13,0.036928,0.050377,0.055045,0.070631
2009,4,17,107,14,0.043191,0.054374,0.058661,0.075562
2009,4,17,107,15,0.064238,0.070763,0.072347,0.089509
2009,4,17,107,16,0.050605,0.056280,0.058991,0.077430
2009,4,18,108,12,0.038274,0.052554,0.060426,0.088652
2009,4,18,108,13,0.041163,0.054874,0.062725,0.092231
2009,4,18,108,14,0.044651,0.055949,0.065027,0.092389
2009,4,24,114,8,0.048527,0.055735,0.057099,0.070113
2009,4,24,114,10,0.027728,0.041718,0.044794,0.059144
2009,4,24,114,11,0.029240,0.041796,0.047620,0.062883
2009,4,24,114,12,0.029363,0.042678,0.047910,0.061736
2009,4,24,114,13,0.032749,0.044789,0.050864,0.066076
2009,4,25,115,9,0.076962,0.088166,0.091414,0.106998
2009,4,26,116,9,0.065673,0.078080,0.080951,0.097819
2009,4,26,116,10,0.086826,0.097695,0.103864,0.124902
2009,4,26,116,12,0.080958,0.094499,0.102671,0.124920
2009,4,26,116,13,0.071937,0.083779,0.089764,0.110197
2009,4,27,117,9,0.068999,0.076136,0.080085,0.094886
2009,4,27,117,10,0.035890,0.049597,0.054310,0.072109
2009,4,28,118,8,0.079943,0.085185,0.086100,0.096535
2009,4,28,118,10,0.070757,0.080699,0.082664,0.095879
2009,4,28,118,11,0.060052,0.072953,0.076715,0.090321
2009,4,28,118,13,0.069845,0.081965,0.086564,0.101612
2009,4,29,119,8,0.096834,0.105166,0.105451,0.119074
2009,4,29,119,10,0.108112,0.120302,0.121293,0.134193
2009,4,29,119,13,0.111797,0.120503,0.124821,0.137439
2009,5,1,121,9,0.028546,0.039993,0.043212,0.057150
2009,5,1,121,10,0.035349,0.047789,0.051771,0.066215
2009,5,2,122,8,0.110216,0.120656,0.125869,0.150012
2009,5,3,123,8,0.219415,0.234728,0.240077,0.254629
2009,5,3,123,10,0.161759,0.169234,0.171740,0.187016
2009,5,3,123,13,0.223820,0.232535,0.232724,0.242172
2009,5,3,123,14,0.256072,0.260377,0.260482,0.268679
2009,5,4,124,9,0.127006,0.135544,0.141789,0.158907
2009,5,4,124,10,0.178049,0.188156,0.190593,0.206020
2009,5,11,131,12,0.072445,0.081083,0.088234,0.107773
2009,5,11,131,13,0.065353,0.076187,0.082897,0.105001
2009,5,11,131,14,0.052302,0.062224,0.068392,0.085814
2009,5,13,133,12,0.066111,0.076539,0.079717,0.095258
2009,5,13,133,13,0.067562,0.077632,0.081781,0.098400
2009,5,13,133,14,0.072257,0.081517,0.085947,0.102692
2009,5,14,134,11,0.149185,0.157642,0.164329,0.188037
2009,5,15,135,8,0.100133,0.109221,0.110104,0.125993
2009,5,15,135,10,0.095324,0.102580,0.105287,0.120232
2009,5,15,135,11,0.083857,0.095807,0.098412,0.115616
2009,5,15,135,12,0.085098,0.098280,0.103011,0.122682
2009,5,15,135,13,0.088516,0.100244,0.107248,0.128648
2009,5,20,140,12,0.137579,0.151160,0.160604,0.196023
2009,5,20,140,14,0.116927,0.133072,0.140801,0.172335
2009,5,21,141,9,0.083217,0.093833,0.098484,0.123875
2009,5,21,141,10,0.087986,0.097374,0.102249,0.125586
2009,5,21,141,11,0.094756,0.105360,0.109774,0.130808
2009,5,21,141,12,0.104543,0.115498,0.120052,0.142901
2009,5,21,141,13,0.092879,0.105472,0.110776,0.134629
2009,5,21,141,14,0.112739,0.123616,0.130715,0.158555
2009,5,24,144,9,0.119313,0.134010,0.142503,0.167333
2009,5,24,144,11,0.123514,0.139148,0.147029,0.174405
2009,5,24,144,12,0.127430,0.141404,0.150788,0.178836
2009,5,24,144,13,0.109870,0.125261,0.132853,0.158219
2009,5,24,144,14,0.105578,0.118476,0.126840,0.150502
2009,5,24,144,15,0.094645,0.106221,0.113129,0.135068
2009,5,24,144,16,0.096071,0.105093,0.111092,0.133402
2009,5,25,145,9,0.141238,0.154885,0.163088,0.189715
2009,5,25,145,10,0.124917,0.140078,0.148607,0.174356
2009,5,25,145,11,0.119119,0.134706,0.142267,0.167727
2009,5,25,145,12,0.100287,0.114414,0.122389,0.148045
2009,5,25,145,13,0.092961,0.106612,0.113314,0.138391
2009,5,25,145,14,0.079727,0.091538,0.096259,0.120233
2009,5,26,146,8,0.271236,0.285902,0.296715,0.332616
2009,5,26,146,10,0.267855,0.285851,0.295950,0.328431
2009,5,26,146,11,0.271226,0.290934,0.303343,0.337875
2009,5,26,146,12,0.260305,0.280440,0.293497,0.328593
2009,5,26,146,13,0.255338,0.274993,0.289442,0.322971
2009,5,26,146,14,0.278680,0.297926,0.311440,0.343932
2009,5,27,147,12,0.313331,0.336895,0.352176,0.385797
2009,5,27,147,13,0.317059,0.336849,0.354251,0.388569
2009,5,27,147,15,0.346046,0.366275,0.383950,0.415424
2009,5,27,147,16,0.364419,0.381981,0.399211,0.431943
2009,5,28,148,8,0.343895,0.364290,0.379729,0.409913
2009,5,28,148,9,0.347325,0.371443,0.387382,0.416248
2009,5,28,148,10,0.337485,0.363405,0.377035,0.405422
2009,5,28,148,11,0.356992,0.380252,0.395216,0.427929
2009,5,28,148,12,0.310981,0.332874,0.350689,0.380145
2009,5,28,148,13,0.300304,0.323394,0.340612,0.369191
2009,5,28,148,14,0.295346,0.318202,0.335185,0.364787
2009,5,31,151,8,0.045015,0.053203,0.056698,0.075011
2009,5,31,151,9,0.038382,0.048381,0.052290,0.070320
2009,5,31,151,10,0.046473,0.059279,0.065608,0.091838
2009,5,31,151,11,0.055440,0.066336,0.074155,0.101708
2009,5,31,151,12,0.053736,0.065100,0.069212,0.091915
2009,5,31,151,14,0.044823,0.057050,0.066463,0.091325
2009,5,31,151,15,0.046985,0.056761,0.063297,0.084270
2009,5,31,151,16,0.053378,0.060352,0.064632,0.086622
2009,6,1,152,8,0.104005,0.113695,0.116423,0.135694
2009,6,1,152,9,0.098916,0.111848,0.115892,0.135788
2009,6,1,152,10,0.091206,0.104190,0.107853,0.127451
2009,6,1,152,11,0.093690,0.110316,0.111645,0.131843
2009,6,1,152,12,0.093146,0.108313,0.113090,0.134943
2009,6,1,152,13,0.104245,0.119433,0.123999,0.146162
2009,6,1,152,14,0.121688,0.131609,0.136993,0.159538
2009,6,3,154,8,0.110666,0.118718,0.127159,0.152852
2009,6,3,154,9,0.100482,0.110963,0.117886,0.141547
2009,6,3,154,10,0.099386,0.113700,0.121281,0.145341
2009,6,3,154,11,0.108404,0.123366,0.130304,0.154693
2009,6,3,154,12,0.109237,0.124701,0.129305,0.155046
2009,6,4,155,13,0.060041,0.070913,0.075719,0.098967
2009,6,4,155,14,0.045435,0.054358,0.058964,0.079020
2009,6,4,155,15,0.047047,0.056388,0.060513,0.082429
2009,6,5,156,8,0.053333,0.061530,0.063034,0.080273
2009,6,5,156,9,0.047808,0.057232,0.061785,0.080486
2009,6,5,156,10,0.048087,0.060295,0.062111,0.079603
2009,6,5,156,11,0.047132,0.059604,0.060474,0.078413
2009,6,5,156,12,0.059399,0.069455,0.073789,0.094544
2009,6,5,156,13,0.046960,0.059365,0.062613,0.080281
2009,6,5,156,14,0.051960,0.061699,0.066417,0.084469
2009,6,5,156,15,0.050044,0.056833,0.059939,0.078367
2009,6,6,157,13,0.137308,0.149641,0.151186,0.169626
2009,6,6,157,16,0.144448,0.150275,0.152125,0.170231
2009,6,7,158,11,0.311080,0.331544,0.341093,0.368837
2009,6,7,158,12,0.355871,0.375608,0.383731,0.406453
2009,6,7,158,14,0.286480,0.301738,0.307486,0.327280
2009,6,8,159,9,0.322703,0.342571,0.352720,0.375856
2009,6,8,159,10,0.343183,0.362783,0.375307,0.400134
2009,6,8,159,11,0.339829,0.362278,0.374227,0.398279
2009,6,8,159,12,0.344202,0.367047,0.380904,0.406424
2009,6,8,159,13,0.367535,0.390808,0.404739,0.428961
2009,6,8,159,14,0.378922,0.400862,0.414766,0.437560
2009,6,8,159,15,0.400864,0.421245,0.434666,0.457660
2009,6,8,159,16,0.422643,0.440896,0.455561,0.482393
2009,6,9,160,13,0.246611,0.267150,0.280223,0.308439
2009,6,9,160,14,0.243061,0.261435,0.276293,0.305216
2009,6,9,160,15,0.280743,0.299659,0.313225,0.340804
2009,6,9,160,16,0.302608,0.319774,0.332536,0.359335
2009,6,10,161,8,0.169601,0.185081,0.192416,0.216148
2009,6,10,161,9,0.156395,0.171999,0.178814,0.201859
2009,6,10,161,10,0.152024,0.168595,0.176301,0.198924
2009,6,10,161,11,0.135287,0.151415,0.157501,0.179221
2009,6,10,161,12,0.135293,0.151093,0.158447,0.179573
2009,6,10,161,13,0.138214,0.153713,0.161072,0.183870
2009,6,10,161,14,0.147732,0.160638,0.166406,0.186167
2009,6,10,161,15,0.142463,0.153737,0.157582,0.176600
2009,6,10,161,16,0.155249,0.162191,0.165619,0.185678
2009,6,12,163,8,0.076484,0.085874,0.085926,0.101234
2009,6,12,163,9,0.111159,0.121489,0.121493,0.137573
2009,6,12,163,10,0.105976,0.117025,0.120116,0.137940
2009,6,12,163,11,0.080470,0.093149,0.096031,0.114532
2009,6,12,163,12,0.092741,0.102695,0.107340,0.124321
2009,6,12,163,13,0.087237,0.099590,0.103329,0.121898
2009,6,12,163,14,0.115100,0.125284,0.128134,0.148263
2009,6,12,163,15,0.110445,0.121150,0.123453,0.141418
2009,6,12,163,16,0.113337,0.119639,0.121898,0.140665
2009,6,13,164,8,0.153507,0.165206,0.164629,0.177316
2009,6,13,164,9,0.214824,0.223104,0.221299,0.229848
2009,6,13,164,10,0.274716,0.283010,0.277623,0.282702
2009,6,13,164,11,0.256759,0.265808,0.259468,0.265699
2009,6,13,164,13,0.262921,0.270953,0.270178,0.279019
2009,6,13,164,14,0.261096,0.271405,0.269996,0.276466
2009,6,14,165,8,0.123548,0.133329,0.135711,0.151682
2009,6,14,165,10,0.114121,0.127502,0.132022,0.149963
2009,6,14,165,11,0.101930,0.115973,0.119996,0.139118
2009,6,14,165,12,0.134130,0.147374,0.150561,0.165896
2009,6,14,165,13,0.234278,0.243977,0.245297,0.259846
2009,6,14,165,14,0.202195,0.209452,0.211878,0.226522
2009,6,14,165,15,0.301477,0.305895,0.303538,0.316517
2009,6,15,166,15,0.233879,0.246558,0.270171,0.298514
2009,6,17,168,13,0.214424,0.221038,0.226771,0.247969
2009,6,17,168,14,0.182809,0.190814,0.193115,0.213952
2009,6,19,170,9,0.096845,0.106441,0.108184,0.122572
2009,6,19,170,11,0.088643,0.102408,0.104378,0.121848
2009,6,19,170,14,0.121797,0.132116,0.134961,0.152059
2009,6,19,170,15,0.111513,0.119947,0.122408,0.141457
2009,6,19,170,16,0.221418,0.223723,0.221225,0.231451
2009,6,20,171,9,0.083429,0.094265,0.096124,0.113466
2009,6,20,171,10,0.103367,0.113677,0.115937,0.133384
2009,6,20,171,13,0.072511,0.085116,0.087703,0.104187
2009,6,22,173,10,0.059095,0.071733,0.075851,0.094958
2009,6,22,173,11,0.083303,0.094649,0.097838,0.116441
2009,6,22,173,15,0.075729,0.083566,0.089297,0.111214
2009,6,22,173,16,0.061486,0.068059,0.071296,0.091653
2009,6,25,176,9,0.551269,0.574523,0.586072,0.591900
2009,6,25,176,10,0.557659,0.581421,0.592859,0.599193
2009,6,25,176,11,0.505627,0.530220,0.539268,0.547432
2009,6,25,176,13,0.502788,0.523511,0.533180,0.541325
2009,6,25,176,16,0.461163,0.474915,0.481777,0.491536
2009,6,26,177,8,0.609371,0.639534,0.660679,0.671130
2009,6,26,177,10,0.639935,0.673914,0.699052,0.714143
2009,6,26,177,11,0.640709,0.677954,0.703472,0.719359
2009,6,26,177,12,0.635046,0.667694,0.695537,0.711810
2009,6,26,177,14,0.650185,0.685942,0.712904,0.728144
2009,6,26,177,15,0.652260,0.683205,0.708655,0.719419
2009,6,26,177,16,0.649682,0.676552,0.697984,0.706288
2009,6,27,178,9,0.382978,0.407055,0.423682,0.441842
2009,6,27,178,10,0.369239,0.392659,0.408813,0.427504
2009,6,27,178,12,0.371320,0.399893,0.418329,0.435289
2009,6,27,178,13,0.375645,0.402300,0.420169,0.436613
2009,6,27,178,14,0.377109,0.404035,0.421579,0.438957
2009,6,27,178,15,0.391217,0.414814,0.430412,0.448360
2009,6,27,178,16,0.456556,0.476331,0.492751,0.507577
2009,6,28,179,8,0.415604,0.441807,0.461465,0.480361
2009,6,28,179,10,0.427411,0.458115,0.478563,0.500715
2009,6,28,179,11,0.428931,0.460403,0.478857,0.498910
2009,6,28,179,12,0.396741,0.425598,0.444912,0.466089
2009,6,28,179,13,0.407607,0.437415,0.456430,0.475110
2009,6,28,179,14,0.346419,0.372757,0.387166,0.405820
2009,6,28,179,15,0.361979,0.386416,0.401880,0.421004
2009,6,28,179,16,0.349060,0.368631,0.383368,0.402722
2009,6,29,180,11,0.151476,0.167838,0.173455,0.191809
2009,6,29,180,12,0.157159,0.173632,0.179895,0.198971
2009,6,29,180,13,0.188374,0.202900,0.209206,0.228711
2009,6,29,180,14,0.203939,0.219478,0.229402,0.258448
2009,6,29,180,15,0.212561,0.223964,0.229927,0.254970
2009,6,29,180,16,0.189424,0.197255,0.201916,0.221141
2009,6,30,181,8,0.054423,0.065176,0.070098,0.096526
2009,6,30,181,9,0.071384,0.081881,0.089120,0.118830
2009,6,30,181,11,0.054457,0.068029,0.073670,0.098875
2009,6,30,181,12,0.061325,0.074548,0.080898,0.105808
2009,6,30,181,14,0.053353,0.065212,0.070602,0.092022
2009,6,30,181,15,0.059947,0.069096,0.074362,0.097408
2009,7,1,182,8,0.173092,0.184209,0.188497,0.202004
2009,7,1,182,9,0.123487,0.137436,0.140117,0.153091
2009,7,1,182,12,0.105839,0.118217,0.122913,0.140686
2009,7,1,182,13,0.112248,0.126977,0.131896,0.149829
2009,7,1,182,14,0.124283,0.137535,0.142936,0.161134
2009,7,1,182,15,0.107495,0.119181,0.124267,0.140643
2009,7,1,182,16,0.126151,0.135859,0.141375,0.158906
2009,7,2,183,8,0.355828,0.373309,0.380203,0.399445
2009,7,2,183,9,0.357201,0.375662,0.383275,0.402543
2009,7,2,183,13,0.381111,0.401442,0.413667,0.435517
2009,7,2,183,14,0.374839,0.393812,0.403789,0.424916
2009,7,2,183,15,0.387146,0.405258,0.414521,0.436425
2009,7,3,184,9,0.150318,0.163923,0.168334,0.183616
2009,7,6,187,15,0.494358,0.518542,0.536401,0.560847
2009,7,7,188,8,0.135143,0.148419,0.155337,0.179348
2009,7,7,188,9,0.114942,0.130492,0.139432,0.170715
2009,7,7,188,11,0.102262,0.120544,0.131500,0.168005
2009,7,7,188,13,0.086438,0.102193,0.115711,0.156112
2009,7,7,188,14,0.074125,0.089793,0.102585,0.141006
2009,7,7,188,15,0.076052,0.089518,0.102177,0.142302
2009,7,7,188,16,0.084816,0.095434,0.106996,0.146092
2009,7,8,189,9,0.048603,0.061588,0.069340,0.097621
2009,7,8,189,10,0.056262,0.070532,0.078364,0.107801
2009,7,8,189,11,0.058462,0.073713,0.081824,0.112092
2009,7,8,189,12,0.048283,0.062579,0.069805,0.093305
2009,7,8,189,13,0.064770,0.079836,0.089065,0.117245
2009,7,8,189,14,0.068236,0.081250,0.089613,0.113746
2009,7,8,189,15,0.093252,0.106792,0.115727,0.142081
2009,7,8,189,16,0.115910,0.127547,0.136458,0.161683
2009,7,9,190,8,0.232698,0.248547,0.254288,0.269266
2009,7,9,190,11,0.154193,0.165079,0.172090,0.191698
2009,7,9,190,12,0.129202,0.144499,0.153663,0.171048
2009,7,9,190,13,0.137253,0.151928,0.159357,0.177380
2009,7,9,190,14,0.122939,0.136855,0.143338,0.162146
2009,7,9,190,15,0.120028,0.132263,0.138423,0.156129
2009,7,9,190,16,0.130137,0.140108,0.147385,0.169212
2009,7,10,191,10,0.381140,0.397271,0.402938,0.414902
2009,7,10,191,13,0.376891,0.397222,0.408293,0.428473
2009,7,10,191,15,0.309837,0.325577,0.336410,0.359002
2009,7,10,191,16,0.310517,0.325239,0.336203,0.360203
2009,7,11,192,14,0.285250,0.299530,0.310634,0.338715
2009,7,11,192,15,0.239967,0.251912,0.260124,0.285735
2009,7,11,192,16,0.142273,0.150651,0.155359,0.177557
2009,7,12,193,11,0.063550,0.077057,0.083076,0.108515
2009,7,12,193,14,0.053956,0.065850,0.072204,0.095169
2009,7,12,193,15,0.058825,0.070052,0.077147,0.105209
2009,7,12,193,16,0.053026,0.061126,0.066583,0.091318
2009,7,13,194,10,0.277103,0.291003,0.297307,0.312460
2009,7,13,194,11,0.278734,0.295086,0.301834,0.316390
2009,7,13,194,12,0.269484,0.288374,0.295198,0.310397
2009,7,13,194,14,0.262168,0.280661,0.289188,0.303623
2009,7,16,197,14,0.064152,0.077168,0.082823,0.102780
2009,7,16,197,15,0.078069,0.087781,0.092459,0.113578
2009,7,16,197,16,0.074220,0.083476,0.087812,0.106847
2009,7,17,198,8,0.166646,0.175562,0.175367,0.187565
2009,7,17,198,13,0.149279,0.164763,0.171463,0.187199
2009,7,17,198,14,0.162993,0.177191,0.182883,0.199605
2009,7,20,201,8,0.246729,0.260680,0.265502,0.276849
2009,7,20,201,9,0.260960,0.274329,0.277451,0.288817
2009,7,20,201,12,0.240753,0.255542,0.257730,0.271035
2009,7,22,203,10,0.509561,0.538964,0.560628,0.585192
2009,7,22,203,11,0.517812,0.550220,0.570954,0.591465
2009,7,22,203,13,0.514589,0.544000,0.565478,0.587346
2009,7,22,203,14,0.495347,0.524321,0.543346,0.566814
2009,7,22,203,16,0.526391,0.551541,0.573665,0.595318
2009,7,23,204,8,0.441469,0.465953,0.482648,0.497039
2009,7,23,204,9,0.422206,0.445862,0.461302,0.475405
2009,7,23,204,16,0.488845,0.511428,0.532267,0.556449
2009,7,24,205,9,0.339764,0.360676,0.373281,0.395396
2009,7,24,205,10,0.345408,0.370489,0.385316,0.407529
2009,7,24,205,12,0.396431,0.422088,0.439338,0.464621
2009,7,24,205,14,0.414711,0.440232,0.458999,0.482901
2009,7,24,205,16,0.437201,0.456823,0.475506,0.504599
2009,7,25,206,9,0.208269,0.227083,0.238506,0.256499
2009,7,25,206,10,0.222966,0.242448,0.253488,0.271594
2009,7,25,206,13,0.245929,0.267086,0.279925,0.302845
2009,7,25,206,14,0.262059,0.278518,0.291733,0.311430
2009,7,26,207,9,0.184797,0.194793,0.193015,0.201961
2009,7,26,207,12,0.127348,0.141981,0.145511,0.156909
2009,7,26,207,13,0.138963,0.150131,0.153669,0.165354
2009,7,27,208,11,0.454188,0.472929,0.484527,0.499148
2009,7,28,209,13,0.248943,0.264949,0.271476,0.293795
2009,7,28,209,16,0.150686,0.158898,0.163593,0.184005
2009,7,29,210,16,0.168814,0.174905,0.178828,0.204638
2009,7,30,211,12,0.357383,0.378478,0.392659,0.420185
2009,7,30,211,14,0.322988,0.338514,0.351080,0.372807
2009,7,30,211,15,0.336325,0.350514,0.361083,0.385253
2009,7,31,212,8,0.270557,0.283266,0.289552,0.313223
2009,7,31,212,9,0.237745,0.253502,0.260672,0.282909
2009,7,31,212,10,0.249507,0.265712,0.273952,0.299565
2009,7,31,212,11,0.245898,0.262163,0.272419,0.299843
2009,7,31,212,12,0.263869,0.279823,0.291855,0.321728
2009,7,31,212,13,0.247119,0.264664,0.276588,0.307017
2009,7,31,212,14,0.251207,0.267686,0.277650,0.305906
2009,8,1,213,9,0.196714,0.212969,0.221638,0.242152
2009,8,1,213,12,0.229016,0.245754,0.257097,0.278881
2009,8,1,213,13,0.250101,0.267607,0.278154,0.301192
2009,8,1,213,14,0.227948,0.245077,0.254167,0.275115
2009,8,1,213,15,0.226326,0.240868,0.249608,0.272547
2009,8,2,214,8,0.084915,0.092983,0.094193,0.109317
2009,8,2,214,13,0.088264,0.102940,0.109765,0.126613
2009,8,2,214,15,0.100269,0.110333,0.115388,0.132943
2009,8,3,215,9,0.167352,0.181284,0.186103,0.200401
2009,8,3,215,10,0.150709,0.165197,0.171688,0.187295
2009,8,3,215,13,0.149873,0.165889,0.174334,0.191897
2009,8,3,215,14,0.195843,0.208476,0.214671,0.229799
2009,8,3,215,15,0.154839,0.167507,0.174482,0.192181
2009,8,3,215,16,0.149040,0.158550,0.164116,0.182283
2009,8,4,216,8,0.309033,0.323115,0.331253,0.356129
2009,8,4,216,10,0.275306,0.294831,0.306555,0.336579
2009,8,4,216,11,0.280936,0.300042,0.312610,0.342068
2009,8,4,216,12,0.293206,0.311868,0.325441,0.358623
2009,8,4,216,13,0.262796,0.283351,0.295985,0.325721
2009,8,4,216,14,0.253343,0.271687,0.284070,0.312975
2009,8,4,216,15,0.268133,0.285341,0.296595,0.327061
2009,8,5,217,8,0.266113,0.279443,0.286224,0.306568
2009,8,5,217,10,0.221615,0.237560,0.244943,0.264833
2009,8,5,217,11,0.222673,0.237963,0.244671,0.264879
2009,8,5,217,12,0.182104,0.198424,0.206017,0.227985
2009,8,5,217,13,0.193204,0.207571,0.215311,0.236505
2009,8,5,217,14,0.194320,0.207908,0.215165,0.238985
2009,8,5,217,15,0.202421,0.215495,0.222229,0.247192
2009,8,5,217,16,0.230181,0.240828,0.248277,0.276293
2009,8,6,218,8,0.379091,0.393202,0.403255,0.424612
2009,8,6,218,9,0.460734,0.477745,0.486661,0.504878
2009,9,24,267,8,0.024395,0.033575,0.036509,0.049864
2009,9,24,267,9,0.022378,0.034812,0.038338,0.053624
2009,9,25,268,10,0.016983,0.029495,0.033761,0.049197
2009,9,25,268,13,0.014176,0.028508,0.031941,0.047970
2009,9,26,269,11,0.044853,0.059962,0.065538,0.085717
