#year,month,day,julian_day,pm10
2006,6,4,155,70
2006,6,7,158,49
2006,6,9,160,71
2006,6,10,161,76
2006,6,11,162,72
2006,6,18,169,65
2006,6,22,173,65
2006,6,23,174,43
2006,6,24,175,83
2006,6,25,176,52
2006,6,26,177,41
2006,6,27,178,39
2006,7,11,192,45
2006,9,14,257,16
2006,9,15,258,79
2006,9,18,261,29
2006,9,20,263,9
2006,9,21,264,14
2006,9,22,265,15
2006,9,23,266,10
2006,9,27,270,17
2006,9,30,273,20
2006,10,1,274,13
2006,10,3,276,15
2006,10,4,277,11
2006,10,5,278,21
2006,10,6,279,24
2006,10,8,281,39
2006,10,10,283,32
2006,10,11,284,13
2006,10,20,293,20
2006,10,22,295,9
2006,10,23,296,22
2006,10,24,297,20
2006,10,25,298,8
2006,10,26,299,6
2006,10,29,302,28
2006,11,2,306,10
2006,11,3,307,12
2006,11,4,308,6
2006,11,6,310,15
2006,11,7,311,18
2006,11,8,312,15
2006,11,9,313,13
2006,11,10,314,11
2006,11,11,315,11
2006,11,12,316,5
2006,11,13,317,7
2006,11,14,318,11
2006,11,15,319,8
2006,11,16,320,5
2006,11,17,321,7
2006,11,18,322,7
2006,11,19,323,6
2006,11,20,324,13
2006,11,21,325,33
2006,11,22,326,16
2006,11,24,328,16
2006,11,25,329,11
2006,11,26,330,9
2006,11,27,331,6
2006,12,2,336,27
2006,12,3,337,17
2006,12,8,342,30
2006,12,10,344,24
2006,12,11,345,22
2006,12,12,346,22
2006,12,13,347,17
2006,12,14,348,18
2006,12,15,349,14
2006,12,18,352,16
2006,12,19,353,17
2006,12,20,354,19
2007,4,4,94,7
2007,4,6,96,11
2007,4,7,97,16
2007,4,8,98,12
2007,4,9,99,8
2007,4,10,100,13
2007,4,11,101,14
2007,4,12,102,17
2007,4,13,103,14
2007,4,15,105,8
2007,4,16,106,14
2007,4,17,107,33
2007,4,18,108,36
2007,4,20,110,43
2007,4,21,111,47
2007,4,22,112,42
2007,4,23,113,30
2007,4,24,114,23
2007,4,25,115,15
2007,4,27,117,17
2007,4,28,118,18
2007,5,10,130,11
2007,5,13,133,42
2007,5,16,136,56
2007,5,17,137,73
2007,5,19,139,35
2007,5,23,143,18
2007,5,24,144,29
2007,6,3,154,42
2007,6,4,155,23
2007,6,13,164,49
2007,6,28,179,11
2007,7,1,182,65
2007,7,2,183,70
2007,7,3,184,15
2007,7,7,188,46
2007,7,11,192,22
2007,7,12,193,70
2007,7,13,194,78
2009,3,14,73,23
2009,3,16,75,14
2009,3,17,76,22
2009,3,18,77,19
2009,3,19,78,13
2009,3,20,79,16
2009,3,21,80,17
2009,3,31,90,13
2009,4,1,91,25
2009,4,5,95,8
2009,4,6,96,11
2009,4,7,97,13
2009,4,8,98,17
2009,4,10,100,13
2009,4,11,101,16
2009,4,12,102,15
2009,4,14,104,14
2009,4,15,105,17
2009,4,16,106,20
2009,4,17,107,14
2009,4,26,116,16
2009,4,28,118,22
2009,4,29,119,21
2009,5,11,131,17
2009,5,13,133,20
2009,5,15,135,24
2009,5,21,141,19
2009,5,24,144,18
2009,5,25,145,34
2009,5,26,146,44
2009,5,27,147,49
2009,5,28,148,47
2009,5,31,151,17
2009,6,1,152,31
2009,6,3,154,28
2009,6,4,155,16
2009,6,5,156,16
2009,6,7,158,74
2009,6,8,159,78
2009,6,9,160,34
2009,6,10,161,20
2009,6,12,163,23
2009,6,13,164,40
2009,6,14,165,28
2009,6,19,170,20
2009,6,20,171,16
2009,6,22,173,14
2009,6,26,177,111
2009,6,27,178,77
2009,6,28,179,90
2009,6,29,180,51
2009,6,30,181,12
2009,7,1,182,53
2009,7,2,183,58
2009,7,7,188,20
2009,7,8,189,15
2009,7,9,190,33
2009,7,10,191,52
2009,7,12,193,10
2009,7,13,194,45
2009,7,16,197,11
2009,7,17,198,22
2009,7,20,201,32
2009,7,23,204,54
2010,5,2,122,11
2010,5,4,124,19
2010,5,5,125,22
2010,5,6,126,9
2010,5,7,127,20
2010,5,8,128,17
2010,5,9,129,19
2010,5,18,138,25
2010,5,19,139,28
2010,5,21,141,30
2010,5,22,142,24
2010,5,23,143,38
2010,5,25,145,71
2010,5,26,146,89
2010,5,30,150,31
2010,5,31,151,73
2010,6,2,153,99
2010,6,3,154,136
2010,6,5,156,16
2010,6,6,157,20
2010,6,7,158,33
2010,6,8,159,54
2010,6,12,163,24
2010,6,13,164,33
2010,6,14,165,11
2010,6,15,166,23
2010,6,16,167,22
2010,6,17,168,24
2010,6,20,171,24
2010,6,21,172,20
2010,6,22,173,39
2010,6,27,178,18
2010,6,28,179,74
2010,7,6,187,81
2010,7,7,188,77
2010,7,8,189,37
2010,7,9,190,30
2010,7,12,193,20
2010,7,14,195,57
2010,7,15,196,39
2010,7,16,197,40
2010,7,23,204,31
2010,7,24,205,26
2010,7,25,206,56
2010,7,26,207,49
2010,7,27,208,20
2010,7,31,212,36
2010,8,1,213,18
2010,8,2,214,16
2010,8,3,215,35
2010,8,4,216,23
2010,8,5,217,14
2010,8,6,218,37
2010,8,7,219,15
2010,8,9,221,6
2010,8,10,222,12
2010,8,11,223,11
2010,8,12,224,12
2010,8,13,225,20
2010,8,14,226,11
2010,8,15,227,10
2010,8,17,229,37
2010,8,18,230,91
2010,8,19,231,74
2010,8,20,232,55
2010,9,2,245,61
2010,9,3,246,44
2010,9,4,247,20
2010,9,5,248,25
2010,9,6,249,17
2010,9,7,250,11
2010,9,12,255,16
2010,9,13,256,21
2010,9,14,257,17
2010,9,15,258,28
2010,9,18,261,20
2010,9,21,264,104
2010,9,22,265,30
2010,9,23,266,25
2010,9,24,267,22
2010,9,27,270,8
2010,9,28,271,20
2012,1,1,1,18
2012,1,2,2,20
2012,1,3,3,26
2012,1,4,4,18
2012,1,5,5,12
2012,1,6,6,17
2012,1,7,7,18
2012,1,8,8,12
2012,1,9,9,15
2012,1,12,12,15
2012,1,13,13,17
2012,1,16,16,19
2012,1,17,17,12
2012,1,18,18,13
2012,1,19,19,18
2012,1,20,20,20
2012,1,21,21,13
2012,1,22,22,13
2012,1,23,23,15
2012,1,25,25,10
2012,1,26,26,8
2012,1,27,27,13
2012,1,28,28,16
2012,1,29,29,18
2012,1,31,31,17
2012,2,2,33,21
2012,2,4,35,14
2012,2,5,36,14
2012,2,6,37,17
2012,2,9,40,17
2012,2,12,43,16
2012,2,13,44,13
2012,2,14,45,15
2012,2,15,46,15
2012,2,16,47,18
2012,2,17,48,20
2012,2,18,49,9
2012,2,19,50,12
2012,2,20,51,9
2012,2,23,54,15
2012,2,24,55,17
2012,2,25,56,20
2012,2,26,57,17
2012,3,2,62,15
2012,3,4,64,19
2012,3,5,65,18
2012,3,6,66,35
2012,3,7,67,40
2012,3,8,68,25
2012,3,13,73,12
2012,3,16,76,34
2012,4,10,101,14
2012,4,11,102,19
2012,4,12,103,16
2012,4,13,104,18
2012,4,14,105,13
2012,4,20,111,8
2012,4,22,113,10
2012,4,23,114,21
2012,4,28,119,20
2012,4,29,120,15
2012,4,30,121,19
2012,5,12,133,85
2012,5,14,135,30
2012,5,15,136,15
2012,5,18,139,46
2012,5,19,140,23
2012,5,20,141,31
2012,5,21,142,31
2012,5,22,143,43
2012,5,23,144,48
2012,5,24,145,25
2012,5,25,146,24
2012,5,26,147,14
2012,5,27,148,14
2012,5,28,149,31
2012,5,29,150,33
2012,6,1,153,67
2012,6,3,155,66
2012,6,5,157,19
2012,6,6,158,36
2012,6,7,159,46
2012,6,8,160,38
2012,6,9,161,25
2012,6,10,162,45
2012,6,11,163,45
2012,6,12,164,59
2012,6,16,168,62
2012,6,17,169,58
2012,6,18,170,43
2012,6,19,171,36
2012,6,21,173,54
2012,6,22,174,66
2012,6,23,175,22
2012,6,24,176,22
2012,6,25,177,37
2012,6,26,178,62
2012,6,27,179,71
2012,6,28,180,33
2012,6,29,181,29
2012,7,5,187,72
2012,7,8,190,11
2012,7,9,191,35
2012,7,10,192,68
2012,7,11,193,47
2012,7,12,194,9
2012,7,13,195,14
2012,7,14,196,77
2012,7,16,198,46
2012,7,18,200,11
2012,7,24,206,62
2012,7,25,207,52
2012,7,26,208,52
2012,7,27,209,33
2012,7,29,211,44
