#year,month,day,julian_day,heure,pm10
2009,5,1,121,0,15
2009,5,1,121,1,16
2009,5,1,121,2,11
2009,5,1,121,3,11
2009,5,1,121,4,7
2009,5,1,121,5,9
2009,5,1,121,6,8
2009,5,1,121,7,16
2009,5,1,121,8,11
2009,5,1,121,9,16
2009,5,1,121,10,12
2009,5,1,121,11,17
2009,5,1,121,12,18
2009,5,1,121,13,15
2009,5,1,121,14,20
2009,5,1,121,15,18
2009,5,1,121,16,11
2009,5,1,121,17,9
2009,5,1,121,18,11
2009,5,1,121,19,13
2009,5,1,121,20,15
2009,5,1,121,21,19
2009,5,1,121,22,21
2009,5,1,121,23,21
2009,5,2,122,0,21
2009,5,2,122,1,26
2009,5,2,122,2,25
2009,5,2,122,3,21
2009,5,2,122,4,21
2009,5,2,122,5,21
2009,5,2,122,6,22
2009,5,2,122,7,25
2009,5,2,122,8,24
2009,5,2,122,9,24
2009,5,2,122,10,24
2009,5,2,122,11,25
2009,5,2,122,12,30
2009,5,2,122,13,23
2009,5,2,122,14,20
2009,5,2,122,15,18
2009,5,2,122,16,22
2009,5,2,122,17,14
2009,5,2,122,18,17
2009,5,2,122,19,20
2009,5,2,122,20,27
2009,5,2,122,21,34
2009,5,2,122,22,32
2009,5,2,122,23,32
2009,5,3,123,0,34
2009,5,3,123,1,23
2009,5,3,123,2,31
2009,5,3,123,3,26
2009,5,3,123,4,20
2009,5,3,123,5,22
2009,5,3,123,6,19
2009,5,3,123,7,27
2009,5,3,123,8,17
2009,5,3,123,9,14
2009,5,3,123,10,10
2009,5,3,123,11,11
2009,5,3,123,12,12
2009,5,3,123,13,20
2009,5,3,123,14,13
2009,5,3,123,15,15
2009,5,3,123,16,20
2009,5,3,123,17,13
2009,5,3,123,18,11
2009,5,3,123,19,17
2009,5,3,123,20,9
2009,5,3,123,21,12
2009,5,3,123,22,17
2009,5,3,123,23,18
2009,5,4,124,0,11
2009,5,4,124,1,18
2009,5,4,124,2,11
2009,5,4,124,3,14
2009,5,4,124,4,19
2009,5,4,124,5,17
2009,5,4,124,6,13
2009,5,4,124,7,22
2009,5,4,124,8,35
2009,5,4,124,9,41
2009,5,4,124,10,38
2009,5,4,124,11,33
2009,5,4,124,12,37
2009,5,4,124,13,44
2009,5,4,124,14,65
2009,5,4,124,15,14
2009,5,4,124,16,9
2009,5,4,124,17,20
2009,5,4,124,18,12
2009,5,4,124,19,12
2009,5,4,124,20,7
2009,5,4,124,21,11
2009,5,4,124,22,9
2009,5,4,124,23,9
2009,5,5,125,0,7
2009,5,5,125,1,5
2009,5,5,125,2,8
2009,5,5,125,3,7
2009,5,5,125,4,8
2009,5,5,125,5,9
2009,5,5,125,6,11
2009,5,5,125,7,13
2009,5,5,125,8,17
2009,5,5,125,9,23
2009,5,5,125,10,13
2009,5,5,125,11,17
2009,5,5,125,12,21
2009,5,5,125,13,31
2009,5,5,125,14,26
2009,5,5,125,15,28
2009,5,5,125,16,16
2009,5,5,125,17,18
2009,5,5,125,18,21
2009,5,5,125,19,26
2009,5,5,125,20,27
2009,5,5,125,21,25
2009,5,5,125,22,25
2009,5,5,125,23,22
2009,5,6,126,0,18
2009,5,6,126,1,17
2009,5,6,126,2,22
2009,5,6,126,3,20
2009,5,6,126,4,23
2009,5,6,126,5,26
2009,5,6,126,6,22
2009,5,6,126,7,26
2009,5,6,126,8,33
2009,5,6,126,9,26
2009,5,6,126,10,23
2009,5,6,126,11,26
2009,5,6,126,12,25
2009,5,6,126,13,26
2009,5,6,126,14,26
2009,5,6,126,15,27
2009,5,6,126,16,21
2009,5,6,126,17,27
2009,5,6,126,18,23
2009,5,6,126,19,26
2009,5,6,126,20,29
2009,5,6,126,21,28
2009,5,6,126,22,26
2009,5,6,126,23,23
2009,5,7,127,0,24
2009,5,7,127,1,21
2009,5,7,127,2,20
2009,5,7,127,3,23
2009,5,7,127,4,22
2009,5,7,127,5,20
2009,5,7,127,6,23
2009,5,7,127,7,28
2009,5,7,127,8,29
2009,5,7,127,9,30
2009,5,7,127,10,19
2009,5,7,127,11,24
2009,5,7,127,12,24
2009,5,7,127,13,25
2009,5,7,127,14,17
2009,5,7,127,15,25
2009,5,7,127,16,27
2009,5,7,127,17,30
2009,5,7,127,18,28
2009,5,7,127,19,26
2009,5,7,127,20,32
2009,5,7,127,21,32
2009,5,7,127,22,23
2009,5,7,127,23,30
2009,5,8,128,0,27
2009,5,8,128,1,23
2009,5,8,128,2,24
2009,5,8,128,3,23
2009,5,8,128,4,22
2009,5,8,128,5,22
2009,5,8,128,6,26
2009,5,8,128,7,29
2009,5,8,128,8,29
2009,5,8,128,9,32
2009,5,8,128,10,35
2009,5,8,128,11,32
2009,5,8,128,12,32
2009,5,8,128,13,40
2009,5,8,128,14,36
2009,5,8,128,15,35
2009,5,8,128,16,37
2009,5,8,128,17,37
2009,5,8,128,18,36
2009,5,8,128,19,41
2009,5,8,128,20,38
2009,5,8,128,21,38
2009,5,8,128,22,34
2009,5,8,128,23,35
2009,5,9,129,0,34
2009,5,9,129,1,37
2009,5,9,129,2,34
2009,5,9,129,3,34
2009,5,9,129,4,34
2009,5,9,129,5,31
2009,5,9,129,6,38
2009,5,9,129,7,38
2009,5,9,129,8,44
2009,5,9,129,9,37
2009,5,9,129,10,42
2009,5,9,129,11,36
2009,5,9,129,12,40
2009,5,9,129,13,48
2009,5,9,129,14,40
2009,5,9,129,15,47
2009,5,9,129,16,45
2009,5,9,129,17,45
2009,5,9,129,18,43
2009,5,9,129,19,46
2009,5,9,129,20,51
2009,5,9,129,21,48
2009,5,9,129,22,44
2009,5,9,129,23,41
2009,5,10,130,0,35
2009,5,10,130,1,34
2009,5,10,130,2,30
2009,5,10,130,3,27
2009,5,10,130,4,23
2009,5,10,130,5,22
2009,5,10,130,6,25
2009,5,10,130,7,24
2009,5,10,130,8,28
2009,5,10,130,9,14
2009,5,10,130,10,15
2009,5,10,130,11,14
2009,5,10,130,12,27
2009,5,10,130,13,21
2009,5,10,130,14,21
2009,5,10,130,15,27
2009,5,10,130,16,22
2009,5,10,130,17,19
2009,5,10,130,18,17
2009,5,10,130,19,22
2009,5,10,130,20,21
2009,5,10,130,21,22
2009,5,10,130,22,19
2009,5,10,130,23,16
2009,5,11,131,0,16
2009,5,11,131,1,16
2009,5,11,131,2,10
2009,5,11,131,3,9
2009,5,11,131,4,9
2009,5,11,131,5,10
2009,5,11,131,6,9
2009,5,11,131,7,15
2009,5,11,131,8,15
2009,5,11,131,9,20
2009,5,11,131,10,14
2009,5,11,131,11,20
2009,5,11,131,12,17
2009,5,11,131,13,19
2009,5,11,131,14,16
2009,5,11,131,15,29
2009,5,11,131,16,19
2009,5,11,131,17,22
2009,5,11,131,18,29
2009,5,11,131,19,13
2009,5,11,131,20,13
2009,5,11,131,21,14
2009,5,11,131,22,13
2009,5,11,131,23,13
2009,5,12,132,0,14
2009,5,12,132,1,12
2009,5,12,132,2,11
2009,5,12,132,3,14
2009,5,12,132,4,14
2009,5,12,132,5,15
2009,5,12,132,6,13
2009,5,12,132,7,20
2009,5,12,132,8,25
2009,5,12,132,9,21
2009,5,12,132,10,23
2009,5,12,132,11,18
2009,5,12,132,12,19
2009,5,12,132,13,11
2009,5,12,132,14,25
2009,5,12,132,15,16
2009,5,12,132,16,17
2009,5,12,132,17,17
2009,5,12,132,18,33
2009,5,12,132,19,25
2009,5,12,132,20,12
2009,5,12,132,21,17
2009,5,12,132,22,12
2009,5,12,132,23,12
2009,5,13,133,0,13
2009,5,13,133,1,13
2009,5,13,133,2,18
2009,5,13,133,3,17
2009,5,13,133,4,12
2009,5,13,133,5,8
2009,5,13,133,6,16
2009,5,13,133,7,23
2009,5,13,133,8,20
2009,5,13,133,9,20
2009,5,13,133,10,21
2009,5,13,133,11,20
2009,5,13,133,12,20
2009,5,13,133,13,18
2009,5,13,133,14,22
2009,5,13,133,15,19
2009,5,13,133,16,24
2009,5,13,133,17,13
2009,5,13,133,18,18
2009,5,13,133,19,16
2009,5,13,133,20,19
2009,5,13,133,21,17
2009,5,13,133,22,15
2009,5,13,133,23,15
2009,5,14,134,0,14
2009,5,14,134,1,12
2009,5,14,134,2,6
2009,5,14,134,3,11
2009,5,14,134,4,14
2009,5,14,134,5,12
2009,5,14,134,6,10
2009,5,14,134,7,21
2009,5,14,134,8,23
2009,5,14,134,9,20
2009,5,14,134,10,29
2009,5,14,134,11,20
2009,5,14,134,12,18
2009,5,14,134,13,14
2009,5,14,134,14,17
2009,5,14,134,15,26
2009,5,14,134,16,23
2009,5,14,134,17,17
2009,5,14,134,18,20
2009,5,14,134,19,13
2009,5,14,134,20,13
2009,5,14,134,21,14
2009,5,14,134,22,13
2009,5,14,134,23,17
2009,5,15,135,0,5
2009,5,15,135,1,14
2009,5,15,135,2,9
2009,5,15,135,3,3
2009,5,15,135,4,7
2009,5,15,135,5,11
2009,5,15,135,6,16
2009,5,15,135,7,16
2009,5,15,135,8,25
2009,5,15,135,9,24
2009,5,15,135,10,27
2009,5,15,135,11,24
2009,5,15,135,12,15
2009,5,15,135,13,31
2009,5,15,135,14,38
2009,5,15,135,15,25
2009,5,15,135,16,35
2009,5,15,135,17,30
2009,5,15,135,18,30
2009,5,15,135,19,20
2009,5,15,135,20,22
2009,5,15,135,21,29
2009,5,15,135,22,26
2009,5,15,135,23,25
2009,5,16,136,0,20
2009,5,16,136,1,16
2009,5,16,136,2,17
2009,5,16,136,3,16
2009,5,16,136,4,21
2009,5,16,136,5,22
2009,5,16,136,6,17
2009,5,16,136,7,18
2009,5,16,136,8,23
2009,5,16,136,9,22
2009,5,16,136,10,21
2009,5,16,136,11,19
2009,5,16,136,12,13
2009,5,16,136,13,22
2009,5,16,136,14,19
2009,5,16,136,15,12
2009,5,16,136,16,16
2009,5,16,136,17,17
2009,5,16,136,18,16
2009,5,16,136,19,20
2009,5,16,136,20,35
2009,5,16,136,21,22
2009,5,16,136,22,22
2009,5,16,136,23,20
2009,5,17,137,0,17
2009,5,17,137,1,19
2009,5,17,137,2,14
2009,5,17,137,3,14
2009,5,17,137,4,13
2009,5,17,137,5,14
2009,5,17,137,6,13
2009,5,17,137,7,21
2009,5,17,137,8,15
2009,5,17,137,9,12
2009,5,17,137,10,8
2009,5,17,137,11,26
2009,5,17,137,12,9
2009,5,17,137,13,11
2009,5,17,137,14,11
2009,5,17,137,15,13
2009,5,17,137,16,15
2009,5,17,137,17,17
2009,5,17,137,18,17
2009,5,17,137,19,20
2009,5,17,137,20,12
2009,5,17,137,21,9
2009,5,17,137,22,12
2009,5,17,137,23,17
2009,5,18,138,0,19
2009,5,18,138,1,19
2009,5,18,138,2,19
2009,5,18,138,3,17
2009,5,18,138,4,16
2009,5,18,138,5,19
2009,5,18,138,6,19
2009,5,18,138,7,25
2009,5,18,138,8,14
2009,5,18,138,9,20
2009,5,18,138,10,36
2009,5,18,138,11,27
2009,5,18,138,12,26
2009,5,18,138,13,28
2009,5,18,138,14,26
2009,5,18,138,15,41
2009,5,18,138,16,37
2009,5,18,138,17,38
2009,5,18,138,18,46
2009,5,18,138,19,38
2009,5,18,138,20,51
2009,5,18,138,21,53
2009,5,18,138,22,53
2009,5,18,138,23,44
2009,5,19,139,0,45
2009,5,19,139,1,47
2009,5,19,139,2,43
2009,5,19,139,3,37
2009,5,19,139,4,43
2009,5,19,139,5,42
2009,5,19,139,6,41
2009,5,19,139,7,48
2009,5,19,139,8,45
2009,5,19,139,9,45
2009,5,19,139,10,46
2009,5,19,139,11,42
2009,5,19,139,12,44
2009,5,19,139,13,38
2009,5,19,139,14,48
2009,5,19,139,15,37
2009,5,19,139,16,41
2009,5,19,139,17,36
2009,5,19,139,18,41
2009,5,19,139,19,41
2009,5,19,139,20,28
2009,5,19,139,21,42
2009,5,19,139,22,35
2009,5,19,139,23,32
2009,5,20,140,0,30
2009,5,20,140,1,23
2009,5,20,140,2,31
2009,5,20,140,3,30
2009,5,20,140,4,27
2009,5,20,140,5,32
2009,5,20,140,6,36
2009,5,20,140,7,37
2009,5,20,140,8,31
2009,5,20,140,9,34
2009,5,20,140,10,28
2009,5,20,140,11,36
2009,5,20,140,12,29
2009,5,20,140,13,25
2009,5,20,140,14,28
2009,5,20,140,15,33
2009,5,20,140,16,24
2009,5,20,140,17,36
2009,5,20,140,18,30
2009,5,20,140,19,28
2009,5,20,140,20,29
2009,5,20,140,21,33
2009,5,20,140,22,32
2009,5,20,140,23,34
2009,5,21,141,0,26
2009,5,21,141,1,24
2009,5,21,141,2,22
2009,5,21,141,3,27
2009,5,21,141,4,18
2009,5,21,141,5,18
2009,5,21,141,6,19
2009,5,21,141,7,26
2009,5,21,141,8,18
2009,5,21,141,9,15
2009,5,21,141,10,19
2009,5,21,141,11,20
2009,5,21,141,12,19
2009,5,21,141,13,20
2009,5,21,141,14,19
2009,5,21,141,15,27
2009,5,21,141,16,19
2009,5,21,141,17,37
2009,5,21,141,18,21
2009,5,21,141,19,32
2009,5,21,141,20,29
2009,5,21,141,21,30
2009,5,21,141,22,25
2009,5,21,141,23,26
2009,5,22,142,0,28
2009,5,22,142,1,27
2009,5,22,142,2,27
2009,5,22,142,3,27
2009,5,22,142,4,24
2009,5,22,142,5,29
2009,5,22,142,6,26
2009,5,22,142,7,40
2009,5,22,142,8,36
2009,5,22,142,9,36
2009,5,22,142,10,32
2009,5,22,142,11,36
2009,5,22,142,12,27
2009,5,22,142,13,29
2009,5,22,142,14,37
2009,5,22,142,15,34
2009,5,22,142,16,32
2009,5,22,142,17,36
2009,5,22,142,18,40
2009,5,22,142,19,37
2009,5,22,142,20,33
2009,5,22,142,21,37
2009,5,22,142,22,35
2009,5,22,142,23,35
2009,5,23,143,0,29
2009,5,23,143,1,32
2009,5,23,143,2,29
2009,5,23,143,3,30
2009,5,23,143,4,29
2009,5,23,143,5,29
2009,5,23,143,6,29
2009,5,23,143,7,33
2009,5,23,143,8,38
2009,5,23,143,9,38
2009,5,23,143,10,35
2009,5,23,143,11,38
2009,5,23,143,12,35
2009,5,23,143,13,28
2009,5,23,143,14,37
2009,5,23,143,15,36
2009,5,23,143,16,48
2009,5,23,143,17,33
2009,5,23,143,18,39
2009,5,23,143,19,36
2009,5,23,143,20,30
2009,5,23,143,21,32
2009,5,23,143,22,30
2009,5,23,143,23,31
2009,5,24,144,0,28
2009,5,24,144,1,24
2009,5,24,144,2,23
2009,5,24,144,3,24
2009,5,24,144,4,18
2009,5,24,144,5,21
2009,5,24,144,6,21
2009,5,24,144,7,28
2009,5,24,144,8,25
2009,5,24,144,9,21
2009,5,24,144,10,25
2009,5,24,144,11,18
2009,5,24,144,12,28
2009,5,24,144,13,14
2009,5,24,144,14,18
2009,5,24,144,15,21
2009,5,24,144,16,18
2009,5,24,144,17,19
2009,5,24,144,18,28
2009,5,24,144,19,22
2009,5,24,144,20,30
2009,5,24,144,21,27
2009,5,24,144,22,23
2009,5,24,144,23,20
2009,5,25,145,0,20
2009,5,25,145,1,16
2009,5,25,145,2,15
2009,5,25,145,3,12
2009,5,25,145,4,15
2009,5,25,145,5,14
2009,5,25,145,6,17
2009,5,25,145,7,23
2009,5,25,145,8,27
2009,5,25,145,9,30
2009,5,25,145,10,32
2009,5,25,145,11,36
2009,5,25,145,12,35
2009,5,25,145,13,38
2009,5,25,145,14,35
2009,5,25,145,15,35
2009,5,25,145,16,30
2009,5,25,145,17,30
2009,5,25,145,18,30
2009,5,25,145,19,29
2009,5,25,145,20,23
2009,5,25,145,21,26
2009,5,25,145,22,23
2009,5,25,145,23,23
2009,5,26,146,0,21
2009,5,26,146,1,25
2009,5,26,146,2,22
2009,5,26,146,3,22
2009,5,26,146,4,33
2009,5,26,146,5,21
2009,5,26,146,6,38
2009,5,26,146,7,44
2009,5,26,146,8,42
2009,5,26,146,9,40
2009,5,26,146,10,47
2009,5,26,146,11,46
2009,5,26,146,12,47
2009,5,26,146,13,42
2009,5,26,146,14,41
2009,5,26,146,15,53
2009,5,26,146,16,43
2009,5,26,146,17,53
2009,5,26,146,18,50
2009,5,26,146,19,54
2009,5,26,146,20,48
2009,5,26,146,21,38
2009,5,26,146,22,36
2009,5,26,146,23,39
2009,5,27,147,0,38
2009,5,27,147,1,34
2009,5,27,147,2,29
2009,5,27,147,3,37
2009,5,27,147,4,38
2009,5,27,147,5,48
2009,5,27,147,6,49
2009,5,27,147,7,53
2009,5,27,147,8,50
2009,5,27,147,9,37
2009,5,27,147,10,42
2009,5,27,147,11,50
2009,5,27,147,12,43
2009,5,27,147,13,47
2009,5,27,147,14,50
2009,5,27,147,15,50
2009,5,27,147,16,56
2009,5,27,147,17,54
2009,5,27,147,18,57
2009,5,27,147,19,62
2009,5,27,147,20,65
2009,5,27,147,21,63
2009,5,27,147,22,41
2009,5,27,147,23,30
2009,5,28,148,0,33
2009,5,28,148,1,29
2009,5,28,148,2,28
2009,5,28,148,3,34
2009,5,28,148,4,30
2009,5,28,148,5,33
2009,5,28,148,6,36
2009,5,28,148,7,46
2009,5,28,148,8,51
2009,5,28,148,9,40
2009,5,28,148,10,54
2009,5,28,148,11,52
2009,5,28,148,12,44
2009,5,28,148,13,33
2009,5,28,148,14,57
2009,5,28,148,15,58
2009,5,28,148,16,57
2009,5,28,148,17,59
2009,5,28,148,18,52
2009,5,28,148,19,52
2009,5,28,148,20,59
2009,5,28,148,21,60
2009,5,28,148,22,45
2009,5,28,148,23,38
2009,5,29,149,0,35
2009,5,29,149,1,36
2009,5,29,149,2,38
2009,5,29,149,3,36
2009,5,29,149,4,27
2009,5,29,149,5,24
2009,5,29,149,6,20
2009,5,29,149,7,35
2009,5,29,149,8,32
2009,5,29,149,9,27
2009,5,29,149,10,40
2009,5,29,149,11,13
2009,5,29,149,12,6
2009,5,29,149,13,47
2009,5,29,149,14,27
2009,5,29,149,15,11
2009,5,29,149,16,5
2009,5,29,149,17,2
2009,5,29,149,18,26
2009,5,29,149,19,31
2009,5,29,149,20,24
2009,5,29,149,21,16
2009,5,29,149,22,17
2009,5,29,149,23,17
2009,5,30,150,8,11
2009,5,30,150,9,11
2009,5,30,150,10,2
2009,5,30,150,11,10
2009,5,30,150,12,11
2009,5,30,150,13,8
2009,5,30,150,14,11
2009,5,30,150,15,13
2009,5,30,150,16,26
2009,5,30,150,17,18
2009,5,30,150,18,18
2009,5,31,151,9,9
2009,5,31,151,10,12
2009,5,31,151,11,25
2009,5,31,151,12,19
2009,5,31,151,13,8
2009,5,31,151,14,20
2009,5,31,151,15,15
2009,5,31,151,16,39
2009,5,31,151,17,11
2009,5,31,151,18,28
2009,6,1,152,9,15
2009,6,1,152,10,33
2009,6,1,152,11,34
2009,6,1,152,12,45
2009,6,1,152,13,34
2009,6,1,152,14,40
2009,6,1,152,15,33
2009,6,1,152,16,45
2009,6,1,152,17,28
2009,6,2,153,18,1
2009,6,2,153,19,20
2009,6,2,153,20,19
2009,6,2,153,21,27
2009,6,2,153,22,24
2009,6,2,153,23,32
2009,6,3,154,0,28
2009,6,3,154,1,26
2009,6,3,154,2,25
2009,6,3,154,3,18
2009,6,3,154,4,27
2009,6,3,154,5,31
2009,6,3,154,6,33
2009,6,3,154,7,44
2009,6,3,154,8,30
2009,6,3,154,9,30
2009,6,3,154,10,27
2009,6,3,154,11,23
2009,6,3,154,12,41
2009,6,3,154,13,40
2009,6,3,154,14,37
2009,6,3,154,15,26
2009,6,3,154,16,20
2009,6,3,154,17,17
2009,6,3,154,18,22
2009,6,3,154,19,23
2009,6,3,154,20,24
2009,6,3,154,21,23
2009,6,3,154,22,19
2009,6,3,154,23,13
2009,6,4,155,0,14
2009,6,4,155,1,12
2009,6,4,155,2,5
2009,6,4,155,3,8
2009,6,4,155,4,9
2009,6,4,155,5,13
2009,6,4,155,6,8
2009,6,4,155,7,13
2009,6,4,155,9,12
2009,6,4,155,10,12
2009,6,4,155,11,15
2009,6,4,155,12,14
2009,6,4,155,13,16
2009,6,4,155,14,17
2009,6,4,155,15,14
2009,6,4,155,16,16
2009,6,4,155,17,15
2009,6,4,155,18,19
2009,6,4,155,19,22
2009,6,4,155,20,17
2009,6,4,155,21,19
2009,6,4,155,22,20
2009,6,4,155,23,18
2009,6,5,156,0,12
2009,6,5,156,1,11
2009,6,5,156,2,11
2009,6,5,156,3,12
2009,6,5,156,4,14
2009,6,5,156,5,15
2009,6,5,156,6,13
2009,6,5,156,7,21
2009,6,5,156,8,27
2009,6,5,156,9,16
2009,6,5,156,10,15
2009,6,5,156,11,18
2009,6,5,156,12,16
2009,6,5,156,13,19
2009,6,5,156,14,15
2009,6,5,156,15,16
2009,6,5,156,16,15
2009,6,5,156,17,18
2009,6,5,156,18,21
2009,6,5,156,19,19
2009,6,5,156,20,20
2009,6,5,156,21,23
2009,6,5,156,22,17
2009,6,5,156,23,16
2009,6,6,157,0,15
2009,6,6,157,1,15
2009,6,6,157,2,17
2009,6,6,157,3,17
2009,6,6,157,4,16
2009,6,6,157,5,18
2009,6,6,157,6,20
2009,6,6,157,7,21
2009,6,6,157,8,25
2009,6,6,157,9,30
2009,6,6,157,10,32
2009,6,6,157,11,28
2009,6,6,157,12,29
2009,6,6,157,13,28
2009,6,6,157,14,27
2009,6,6,157,15,21
2009,6,6,157,16,27
2009,6,6,157,17,25
2009,6,6,157,18,25
2009,6,6,157,19,19
2009,6,6,157,20,21
2009,6,6,157,21,22
2009,6,6,157,22,23
2009,6,6,157,23,22
2009,6,7,158,0,22
2009,6,7,158,1,10
2009,6,7,158,2,17
2009,6,7,158,3,8
2009,6,7,158,4,8
2009,6,7,158,5,14
2009,6,7,158,6,19
2009,6,7,158,7,28
2009,6,7,158,8,44
2009,6,7,158,9,65
2009,6,7,158,10,68
2009,6,7,158,11,71
2009,6,7,158,12,78
2009,6,7,158,13,70
2009,6,7,158,14,72
2009,6,7,158,15,65
2009,6,7,158,16,67
2009,6,7,158,17,62
2009,6,7,158,18,64
2009,6,7,158,19,60
2009,6,7,158,20,59
2009,6,7,158,21,56
2009,6,7,158,22,55
2009,6,7,158,23,51
2009,6,8,159,0,51
2009,6,8,159,1,47
2009,6,8,159,2,50
2009,6,8,159,3,49
2009,6,8,159,4,54
2009,6,8,159,5,56
2009,6,8,159,6,57
2009,6,8,159,7,69
2009,6,8,159,8,76
2009,6,8,159,9,75
2009,6,8,159,10,75
2009,6,8,159,11,84
2009,6,8,159,12,81
2009,6,8,159,13,83
2009,6,8,159,14,77
2009,6,8,159,15,79
2009,6,8,159,16,68
2009,6,8,159,17,69
2009,6,8,159,18,71
2009,6,8,159,19,63
2009,6,8,159,20,63
2009,6,8,159,21,57
2009,6,8,159,22,57
2009,6,8,159,23,42
2009,6,9,160,0,35
2009,6,9,160,1,37
2009,6,9,160,2,33
2009,6,9,160,3,33
2009,6,9,160,4,36
2009,6,9,160,5,27
2009,6,9,160,6,34
2009,6,9,160,7,42
2009,6,9,160,8,42
2009,6,9,160,9,28
2009,6,9,160,10,32
2009,6,9,160,11,31
2009,6,9,160,12,26
2009,6,9,160,13,35
2009,6,9,160,14,29
2009,6,9,160,15,35
2009,6,9,160,16,35
2009,6,9,160,17,26
2009,6,9,160,18,28
2009,6,9,160,19,26
2009,6,9,160,20,28
2009,6,9,160,21,22
2009,6,9,160,22,20
2009,6,9,160,23,18
2009,6,10,161,0,16
2009,6,10,161,1,18
2009,6,10,161,2,17
2009,6,10,161,3,18
2009,6,10,161,4,14
2009,6,10,161,5,16
2009,6,10,161,6,16
2009,6,10,161,7,18
2009,6,10,161,8,20
2009,6,10,161,9,18
2009,6,10,161,10,23
2009,6,10,161,11,20
2009,6,10,161,12,21
2009,6,10,161,13,18
2009,6,10,161,14,23
2009,6,10,161,15,19
2009,6,10,161,16,21
2009,6,10,161,17,21
2009,6,10,161,18,20
2009,6,10,161,19,27
2009,6,10,161,20,24
2009,6,10,161,21,18
2009,6,10,161,22,13
2009,6,10,161,23,20
2009,6,11,162,0,13
2009,6,11,162,1,12
2009,6,11,162,2,10
2009,6,11,162,3,13
2009,6,11,162,4,17
2009,6,11,162,5,15
2009,6,11,162,6,12
2009,6,11,162,7,17
2009,6,11,162,8,19
2009,6,11,162,9,17
2009,6,11,162,10,15
2009,6,11,162,11,13
2009,6,11,162,12,12
2009,6,11,162,13,13
2009,6,11,162,14,13
2009,6,11,162,15,18
2009,6,11,162,16,16
2009,6,11,162,17,16
2009,6,11,162,18,13
2009,6,11,162,19,18
2009,6,11,162,20,22
2009,6,11,162,21,5
2009,6,11,162,22,18
2009,6,11,162,23,15
2009,6,12,163,0,10
2009,6,12,163,1,9
2009,6,12,163,2,6
2009,6,12,163,3,12
2009,6,12,163,4,14
2009,6,12,163,5,11
2009,6,12,163,6,14
2009,6,12,163,7,16
2009,6,12,163,8,26
2009,6,12,163,9,23
2009,6,12,163,10,23
2009,6,12,163,11,25
2009,6,12,163,12,31
2009,6,12,163,13,24
2009,6,12,163,14,21
2009,6,12,163,15,24
2009,6,12,163,16,33
2009,6,12,163,17,24
2009,6,12,163,18,33
2009,6,12,163,19,38
2009,6,12,163,20,41
2009,6,12,163,21,39
2009,6,12,163,22,45
2009,6,12,163,23,41
2009,6,13,164,0,41
2009,6,13,164,1,42
2009,6,13,164,2,40
2009,6,13,164,3,39
2009,6,13,164,4,44
2009,6,13,164,5,42
2009,6,13,164,6,34
2009,6,13,164,7,41
2009,6,13,164,8,41
2009,6,13,164,9,39
2009,6,13,164,10,40
2009,6,13,164,11,41
2009,6,13,164,12,38
2009,6,13,164,13,36
2009,6,13,164,14,49
2009,6,13,164,15,44
2009,6,13,164,16,44
2009,6,13,164,17,42
2009,6,13,164,18,45
2009,6,13,164,19,49
2009,6,13,164,20,51
2009,6,13,164,21,52
2009,6,13,164,22,47
2009,6,13,164,23,44
2009,6,14,165,0,44
2009,6,14,165,1,38
2009,6,14,165,2,36
2009,6,14,165,3,34
2009,6,14,165,4,31
