#year,month,day,julian_day,pm10
2005,1,1,1,13.4348
2005,1,2,2,10.7826
2005,1,3,3,15.0833
2005,1,4,4,18.5417
2005,1,5,5,17.6250
2005,1,6,6,16.0000
2005,1,7,7,17.1250
2005,1,8,8,13.2917
2005,1,9,9,12.2500
2005,1,10,10,26.4583
2005,1,11,11,33.7500
2005,1,12,12,37.9583
2005,1,13,13,50.2083
2005,1,14,14,35.5833
2005,1,15,15,31.5833
2005,1,16,16,20.0417
2005,1,17,17,29.8750
2005,1,18,18,28.6667
2005,1,19,19,29.3478
2005,1,20,20,15.5000
2005,1,21,21,24.3913
2005,1,22,22,17.5417
2005,1,23,23,16.2500
2005,1,24,24,20.4583
2005,1,25,25,24.5000
2005,1,26,26,19.1250
2005,1,27,27,16.1739
2005,1,28,28,28.5417
2005,1,29,29,16.0455
2005,1,30,30,15.4375
2005,1,31,31,29.7500
2005,2,1,32,27.0000
2005,2,2,33,25.0833
2005,2,3,34,28.7500
2005,2,4,35,22.2917
2005,2,5,36,23.4167
2005,2,6,37,24.6667
2005,2,7,38,16.1667
2005,2,8,39,16.5909
2005,2,9,40,13.7083
2005,2,10,41,20.0000
2005,2,11,42,13.2083
2005,2,12,43,10.6667
2005,2,13,44,9.9565
2005,2,14,45,18.0417
2005,2,15,46,14.7917
2005,2,16,47,13.4167
2005,2,17,48,15.6250
2005,2,18,49,20.2500
2005,2,19,50,20.0000
2005,2,20,51,14.2917
2005,2,21,52,16.9583
2005,2,22,53,22.0417
2005,2,23,54,23.9524
2005,2,24,55,18.3750
2005,2,25,56,13.9130
2005,2,26,57,16.9583
2005,2,27,58,18.7500
2005,2,28,59,17.7895
2005,3,1,60,19.8333
2005,3,2,61,30.3158
2005,3,3,62,24.0000
2005,3,4,63,18.8667
2005,3,5,64,19.3913
2005,3,6,65,15.5000
2005,3,7,66,22.4167
2005,3,8,67,28.2917
2005,3,9,68,27.2083
2005,3,10,69,29.3913
2005,3,11,70,21.7500
2005,3,12,71,17.9583
2005,3,13,72,13.4167
2005,3,14,73,17.5000
2005,3,15,74,22.5833
2005,3,16,75,21.8333
2005,3,17,76,21.6250
2005,3,18,77,20.4167
2005,3,19,78,18.2917
2005,3,20,79,15.6957
2005,3,21,80,18.9167
2005,3,22,81,24.2917
2005,3,23,82,19.8750
2005,3,24,83,22.3333
2005,3,25,84,21.0833
2005,3,26,85,21.4783
2005,3,27,86,17.5417
2005,3,28,87,16.5833
2005,3,29,88,19.1667
2005,3,30,89,16.8261
2005,3,31,90,29.0000
2005,4,1,91,42.5000
2005,4,4,94,40.7857
2005,4,5,95,40.7500
2005,4,6,96,29.2083
2005,4,7,97,18.4167
2005,4,8,98,30.8750
2005,4,9,99,32.4167
2005,4,10,100,32.0833
2005,4,11,101,43.5833
2005,4,12,102,45.6667
2005,4,13,103,40.5833
2005,4,14,104,56.5455
2005,4,15,105,40.3750
2005,4,16,106,24.4167
2005,4,17,107,16.1250
2005,4,18,108,18.5417
2005,4,19,109,16.7083
2005,4,20,110,20.0833
2005,4,21,111,15.7500
2005,4,22,112,24.2083
2005,4,23,113,25.0833
2005,4,24,114,29.0833
2005,4,25,115,33.3333
2005,4,26,116,14.3750
2005,4,27,117,16.3750
2005,4,28,118,16.5833
2005,4,29,119,14.1667
2005,4,30,120,16.9583
2005,5,1,121,16.5652
2005,5,2,122,16.0417
2005,5,3,123,19.5417
2005,5,4,124,22.4167
2005,5,5,125,22.5417
2005,5,6,126,21.6667
2005,5,7,127,18.8333
2005,5,8,128,12.5217
2005,5,9,129,19.6667
2005,5,10,130,21.7917
2005,5,11,131,30.7083
2005,5,12,132,26.1667
2005,5,13,133,36.2727
2005,5,14,134,38.3750
2005,5,15,135,29.9167
2005,5,16,136,15.2609
2005,5,17,137,19.0000
2005,5,18,138,17.0435
2005,5,19,139,19.5000
2005,5,20,140,38.1667
2005,5,21,141,24.8333
2005,5,22,142,30.1667
2005,5,23,143,73.7083
2005,5,24,144,61.7500
2005,5,25,145,42.1667
2005,5,26,146,67.0833
2005,5,27,147,56.2917
2005,5,28,148,80.4583
2005,5,29,149,51.5833
2005,5,30,150,77.8333
2005,5,31,151,110.3478
2005,6,1,152,64.7083
2005,6,2,153,46.8750
2005,6,3,154,45.0000
2005,6,4,155,42.8261
2005,6,5,156,22.4583
2005,6,6,157,15.8750
2005,6,7,158,22.0833
2005,6,8,159,19.2917
2005,6,9,160,29.5833
2005,6,10,161,38.6087
2005,6,11,162,15.7273
2005,6,12,163,17.2500
2005,6,13,164,24.6316
2005,6,14,165,38.5455
2005,6,16,167,71.8182
2005,6,17,168,84.2917
2005,6,18,169,44.2083
2005,6,19,170,73.3750
2005,6,20,171,103.1667
2005,6,21,172,20.2917
2005,6,22,173,29.6250
2005,6,23,174,42.3333
2005,6,24,175,42.7917
2005,6,25,176,49.3333
2005,6,26,177,15.1250
2005,6,27,178,16.0000
2005,6,28,179,22.8750
2005,6,29,180,25.7500
2005,6,30,181,52.0833
2005,7,1,182,51.5417
2005,7,2,183,43.3333
2005,7,3,184,45.4167
2005,7,4,185,34.4167
2005,7,5,186,16.1667
2005,7,6,187,35.9167
2005,7,7,188,26.6250
2005,7,8,189,17.2500
2005,7,9,190,19.2083
2005,7,10,191,15.6250
2005,7,11,192,16.2727
2005,7,12,193,22.4167
2005,7,13,194,31.8696
2005,7,14,195,22.4167
2005,7,15,196,42.9444
2005,7,16,197,20.5417
2005,7,17,198,15.9167
2005,7,18,199,23.2083
2005,7,19,200,22.7917
2005,7,20,201,47.2083
2005,7,21,202,48.9583
2005,7,22,203,26.2500
2005,7,23,204,32.2500
2005,7,24,205,54.1250
2005,7,25,206,84.4167
2005,7,26,207,90.7083
2005,7,27,208,72.5417
2005,7,28,209,49.2857
2005,7,29,210,25.4167
2005,7,30,211,21.1667
2005,7,31,212,26.0417
2005,8,1,213,29.3333
2005,8,2,214,13.5417
2005,8,3,215,42.1667
2005,8,4,216,54.9167
2005,8,5,217,45.7083
2005,8,6,218,37.0000
2005,8,7,219,25.9583
2005,8,8,220,16.9167
2005,8,9,221,19.9167
2005,8,10,222,21.0417
2005,8,11,223,19.2917
2005,8,12,224,21.6667
2005,8,13,225,39.5000
2005,8,14,226,40.8333
2005,8,15,227,24.4348
2005,8,16,228,31.2917
2005,8,17,229,28.1667
2005,8,18,230,31.9167
2005,8,19,231,52.0417
2005,8,20,232,49.0417
2005,8,21,233,28.1364
2005,8,22,234,19.7083
2005,8,23,235,16.0833
2005,8,24,236,18.8261
2005,8,25,237,26.8750
2005,8,26,238,24.0833
2005,8,27,239,27.7500
2005,8,28,240,22.5833
2005,8,29,241,21.9167
2005,8,30,242,17.8750
2005,8,31,243,18.4167
2005,9,1,244,56.6667
2005,9,2,245,61.9583
2005,9,3,246,57.2917
2005,9,4,247,27.6667
2005,9,5,248,28.7917
2005,9,6,249,21.5000
2005,9,15,258,71.5000
2005,9,16,259,36.5833
2005,9,17,260,27.3333
2005,9,18,261,25.3750
2005,9,19,262,18.3333
2005,9,20,263,22.4583
2005,9,21,264,24.4583
2005,9,22,265,22.4167
2005,9,23,266,20.5417
2005,9,24,267,24.5833
2005,9,25,268,22.7826
2005,9,26,269,46.6667
2005,9,27,270,70.1250
2005,9,28,271,50.2174
2005,9,29,272,43.5417
2005,9,30,273,30.9167
2005,10,1,274,20.6667
2005,10,2,275,12.5000
2005,10,3,276,16.4167
2005,10,4,277,15.0000
2005,10,5,278,16.0417
2005,10,6,279,16.0833
2005,10,7,280,19.3750
2005,10,8,281,17.2083
2005,10,9,282,21.3810
2005,10,10,283,21.3750
2005,10,11,284,26.6250
2005,10,12,285,26.2500
2005,10,13,286,23.9167
2005,10,14,287,23.1667
2005,10,15,288,15.5417
2005,10,16,289,13.3182
2005,10,17,290,21.7500
2005,10,18,291,17.2917
2005,10,19,292,17.5833
2005,10,20,293,20.3333
2005,10,21,294,29.7619
2005,10,22,295,27.4167
2005,10,23,296,24.9167
2005,10,24,297,32.2500
2005,10,25,298,30.1667
2005,10,26,299,29.5417
2005,10,27,300,29.7500
2005,10,28,301,22.8333
2005,10,29,302,20.3750
2005,10,30,303,22.6250
2005,10,31,304,21.2083
2005,11,1,305,25.2500
2005,11,2,306,20.6250
2005,11,3,307,21.5000
2005,11,4,308,18.8333
2005,11,5,309,28.0000
2005,11,6,310,23.3750
2005,11,7,311,24.5000
2005,11,8,312,24.0417
2005,11,9,313,21.0833
2005,11,10,314,20.6250
2005,11,11,315,15.1667
2005,11,12,316,23.8750
2005,11,13,317,15.1739
2005,11,14,318,15.2500
2005,11,15,319,25.9167
2005,11,16,320,22.6667
2005,11,17,321,21.7083
2005,11,18,322,31.0667
2005,11,19,323,14.0000
2005,11,20,324,15.9583
2005,11,21,325,24.4167
2005,11,22,326,19.1250
2005,11,23,327,18.2083
2005,11,24,328,17.1250
2005,11,25,329,28.7500
2005,11,26,330,22.5833
2005,11,27,331,15.2083
2005,11,28,332,16.0417
2005,11,29,333,28.5417
2005,11,30,334,33.2083
2005,12,1,335,31.9583
2005,12,2,336,27.0417
2005,12,3,337,18.2083
2005,12,4,338,15.8750
2005,12,5,339,19.0417
2005,12,6,340,20.5833
2005,12,7,341,22.8750
2005,12,8,342,19.7917
2005,12,9,343,24.5417
2005,12,10,344,20.2917
2005,12,11,345,17.1667
2005,12,12,346,22.5417
2005,12,13,347,20.2083
2005,12,14,348,19.8333
2005,12,15,349,18.1250
2005,12,16,350,16.5417
2005,12,17,351,21.5000
2005,12,18,352,20.9583
2005,12,19,353,15.1250
2005,12,20,354,18.9130
2005,12,21,355,17.0000
2005,12,22,356,19.0417
2005,12,23,357,17.2917
2005,12,24,358,16.5833
2005,12,25,359,16.2500
2005,12,26,360,14.7083
2005,12,27,361,17.8333
2005,12,28,362,18.4167
2005,12,29,363,14.5000
2005,12,30,364,16.5417
2005,12,31,365,21.0417
2006,1,1,1,19.7083
2006,1,2,2,20.5000
2006,1,3,3,22.8750
2006,1,4,4,21.6667
2006,1,5,5,29.0000
2006,1,6,6,17.4167
2006,1,7,7,14.2083
2006,1,8,8,15.8750
2006,1,9,9,17.0870
2006,1,10,10,20.3333
2006,1,11,11,23.9583
2006,1,12,12,20.7143
2006,1,13,13,23.3333
2006,1,14,14,19.7500
2006,1,15,15,19.9583
2006,1,16,16,14.5000
2006,1,17,17,23.6250
2006,1,18,18,19.2083
2006,1,19,19,19.7500
2006,1,20,20,17.2083
2006,1,21,21,15.3333
2006,1,22,22,21.0000
2006,1,23,23,28.3333
2006,1,24,24,27.1250
2006,1,25,25,27.6250
2006,1,26,26,29.7500
2006,1,27,27,27.5000
2006,1,28,28,22.1667
2006,1,29,29,18.3000
2006,1,30,30,21.4583
2006,1,31,31,28.7500
2006,2,1,32,17.5417
2006,2,2,33,17.1667
2006,2,3,34,15.9167
2006,2,4,35,19.3750
2006,2,5,36,14.3750
2006,2,6,37,21.5652
2006,2,7,38,12.3750
2006,2,8,39,17.0417
2006,2,9,40,20.9167
2006,2,10,41,21.0000
2006,2,11,42,15.5417
2006,2,12,43,17.5000
2006,2,13,44,19.5833
2006,2,14,45,22.2083
2006,2,15,46,14.1250
2006,2,16,47,18.5000
2006,2,17,48,17.4167
2006,2,18,49,16.5417
2006,2,19,50,20.6667
2006,2,20,51,18.3333
2006,2,21,52,16.9583
2006,2,22,53,17.0000
2006,2,23,54,19.3333
2006,2,24,55,18.5833
2006,2,25,56,17.6250
2006,2,26,57,16.9583
2006,2,27,58,23.5000
2006,2,28,59,21.3333
2006,3,1,60,15.2500
2006,3,2,61,21.7083
2006,3,3,62,18.7083
2006,3,4,63,22.9167
2006,3,5,64,20.5417
2006,3,6,65,22.5417
2006,3,7,66,18.6667
2006,3,8,67,19.1250
2006,3,9,68,28.7083
2006,3,10,69,18.0417
2006,3,11,70,13.0833
2006,3,12,71,9.5833
2006,3,13,72,17.2083
2006,3,14,73,25.5417
2006,3,15,74,62.7917
2006,3,16,75,20.4583
2006,3,17,76,18.9583
2006,3,18,77,23.2500
2006,3,19,78,26.8333
2006,3,20,79,30.0833
2006,3,21,80,59.9167
2006,3,22,81,78.0000
2006,3,23,82,41.2500
2006,3,24,83,24.5833
2006,3,25,84,17.3333
2006,3,26,85,46.6667
2006,3,27,86,62.5000
2006,3,28,87,52.8333
2006,3,29,88,24.6667
2006,3,30,89,37.2083
2006,3,31,90,54.4583
2006,4,1,91,41.4583
2006,4,2,92,33.5833
2006,4,3,93,18.4583
2006,4,4,94,17.1667
2006,4,5,95,14.2500
2006,4,6,96,16.7083
2006,4,7,97,20.3750
2006,4,8,98,13.7500
2006,4,9,99,11.7083
2006,4,10,100,14.0833
2006,4,11,101,16.0833
2006,4,12,102,12.2917
2006,4,13,103,21.4091
2006,4,14,104,21.1667
2006,4,15,105,21.1667
2006,4,16,106,16.6250
2006,4,17,107,15.8333
2006,4,18,108,11.9167
2006,4,19,109,17.2500
2006,4,20,110,39.7500
2006,4,21,111,65.0000
2006,4,22,112,33.0833
2006,4,23,113,18.1250
2006,4,24,114,17.4762
2006,4,25,115,20.5417
2006,4,26,116,18.7619
2006,4,27,117,20.7917
2006,4,28,118,17.9583
2006,4,29,119,14.9167
2006,4,30,120,15.4167
2006,5,1,121,18.5417
2006,5,2,122,21.3750
2006,5,3,123,16.5833
2006,5,4,124,21.0000
2006,5,5,125,22.2917
2006,5,6,126,15.5833
2006,5,7,127,15.6667
2006,5,8,128,12.0833
2006,5,9,129,12.6250
2006,5,10,130,12.9167
2006,5,11,131,16.7083
2006,5,12,132,15.5833
2006,5,13,133,22.9583
2006,5,14,134,30.0417
2006,5,15,135,40.2500
2006,5,16,136,29.8333
2006,5,17,137,37.1250
2006,5,18,138,45.0000
2006,5,19,139,36.9167
2006,5,20,140,13.3750
2006,5,21,141,21.1667
2006,5,22,142,37.8750
2006,5,23,143,35.2083
2006,5,24,144,28.0417
2006,5,25,145,20.0417
2006,5,26,146,16.6667
2006,5,27,147,18.4167
2006,5,28,148,15.2917
2006,5,29,149,15.8333
2006,5,30,150,24.0000
2006,5,31,151,26.6250
2006,6,1,152,27.5417
2006,6,2,153,26.0455
2006,6,3,154,33.1739
2006,6,4,155,68.4583
2006,6,5,156,92.9167
2006,6,6,157,88.2500
2006,6,7,158,62.4583
2006,6,8,159,41.9583
2006,6,9,160,58.0476
2006,6,10,161,71.5417
2006,6,11,162,67.7500
2006,6,12,163,81.4167
2006,6,13,164,40.5000
2006,6,14,165,58.4167
2006,6,15,166,24.0417
2006,6,16,167,31.8750
2006,6,17,168,23.1250
2006,6,18,169,46.6667
2006,6,19,170,24.6364
2006,6,20,171,56.6522
2006,6,21,172,68.9130
2006,6,22,173,59.9583
2006,6,23,174,42.9565
2006,6,24,175,80.1818
2006,6,25,176,46.9583
2006,6,26,177,35.2500
2006,6,27,178,43.0833
2006,6,28,179,18.7917
2006,6,29,180,12.8333
2006,6,30,181,37.6957
2006,7,1,182,29.4583
2006,7,2,183,15.5417
2006,7,3,184,25.8333
2006,7,4,185,75.3750
2006,7,5,186,75.8261
2006,7,6,187,33.5833
2006,7,7,188,21.2917
2006,7,8,189,26.3750
2006,7,9,190,40.1364
2006,7,10,191,61.5833
2006,7,11,192,39.5833
2006,7,12,193,26.7500
2006,7,13,194,35.3333
2006,7,14,195,55.4167
2006,7,15,196,69.3333
2006,7,16,197,56.7500
2006,7,17,198,27.1250
2006,7,18,199,23.2083
2006,7,19,200,54.2917
2006,7,20,201,33.6667
2006,7,21,202,14.8750
2006,7,22,203,26.5833
2006,7,23,204,48.4583
2006,7,24,205,51.4583
2006,7,25,206,47.3750
2006,7,26,207,32.4783
2006,7,27,208,75.0455
2006,7,28,209,57.5000
2006,7,29,210,74.0833
2006,7,30,211,52.9167
2006,7,31,212,42.7500
2006,8,1,213,32.7500
2006,8,2,214,20.5833
2006,8,3,215,26.4167
2006,8,4,216,21.8333
2006,8,5,217,19.8333
2006,8,6,218,19.7917
2006,8,7,219,39.8696
2006,8,8,220,46.8750
2006,8,9,221,36.9167
2006,8,10,222,28.6667
2006,8,11,223,45.7917
2006,8,12,224,29.1250
2006,8,13,225,30.7917
2006,8,14,226,13.0870
2006,8,15,227,17.8750
2006,8,16,228,55.5833
2006,8,17,229,36.7917
2006,8,18,230,18.3333
2006,8,19,231,18.0000
2006,8,20,232,31.9167
2006,8,21,233,31.0417
2006,8,22,234,69.6250
2006,8,23,235,79.7083
2006,8,24,236,66.5417
2006,8,25,237,10.3333
2006,8,29,241,23.2727
2006,8,30,242,24.2083
2006,8,31,243,20.9167
2006,9,1,244,25.7500
2006,9,2,245,15.8261
2006,9,3,246,31.6250
2006,9,4,247,53.3478
2006,9,5,248,56.2083
2006,9,6,249,40.7083
2006,9,7,250,49.3750
2006,9,8,251,43.9583
2006,9,9,252,28.0833
2006,9,10,253,19.4583
2006,9,11,254,18.8182
2006,9,12,255,21.2083
2006,9,13,256,33.7917
2006,9,14,257,20.7500
2006,9,15,258,75.2500
2006,9,16,259,89.7917
2006,9,17,260,67.4167
2006,9,18,261,32.6667
2006,9,19,262,48.3333
2006,9,20,263,22.0833
2006,9,21,264,19.9583
2006,9,22,265,21.2500
2006,9,23,266,22.3750
2006,9,24,267,15.4783
2006,9,25,268,23.1250
2006,9,26,269,24.2917
2006,9,27,270,26.6250
2006,9,28,271,24.0000
2006,9,29,272,36.7500
2006,9,30,273,29.5417
2006,10,1,274,15.5833
2006,10,2,275,16.2500
2006,10,3,276,16.2917
2006,10,4,277,17.1667
2006,10,5,278,21.7083
2006,10,6,279,24.0417
2006,10,7,280,46.0000
2006,10,8,281,46.3750
2006,10,9,282,26.7917
2006,10,10,283,21.0000
2006,10,11,284,15.5417
2006,10,12,285,17.9167
2006,10,17,290,20.1818
2006,10,18,291,17.2500
2006,10,19,292,22.9583
2006,10,20,293,20.1667
2006,10,21,294,16.6250
2006,10,22,295,16.1667
2006,10,23,296,21.3333
2006,10,24,297,18.3750
2006,10,25,298,17.6667
2006,10,26,299,13.0417
2006,10,27,300,26.8750
2006,10,28,301,17.7917
2006,10,29,302,28.2083
2006,10,30,303,19.0417
2006,10,31,304,22.7500
2006,11,1,305,15.4167
2006,11,2,306,13.2917
2006,11,3,307,13.9583
2006,11,4,308,12.4583
2006,11,5,309,14.3750
2006,11,6,310,17.1667
2006,11,7,311,19.5000
2006,11,8,312,19.4167
2006,11,9,313,20.0833
2006,11,10,314,17.5417
2006,11,11,315,16.9167
2006,11,12,316,17.7500
2006,11,13,317,22.9583
2006,11,14,318,19.5417
2006,11,15,319,13.2917
2006,11,16,320,16.3333
2006,11,17,321,14.5000
2006,11,18,322,16.6667
2006,11,19,323,15.2500
2006,11,20,324,15.5833
2006,11,21,325,30.6250
2006,11,22,326,16.0417
2006,11,23,327,15.0000
2006,11,24,328,15.3333
2006,11,25,329,13.5417
2006,11,26,330,9.7083
2006,11,27,331,10.0000
2006,11,28,332,17.7083
2006,11,29,333,14.4167
2006,11,30,334,16.5000
2006,12,1,335,21.9167
2006,12,2,336,27.6667
2006,12,3,337,21.1667
2006,12,4,338,10.2500
2006,12,5,339,16.8235
2006,12,6,340,29.0455
2006,12,7,341,37.8000
2006,12,8,342,32.4167
2006,12,9,343,48.1667
2006,12,10,344,25.5000
2006,12,11,345,21.9167
2006,12,12,346,23.2083
2006,12,13,347,18.2917
2006,12,14,348,20.7917
2006,12,15,349,18.0833
2006,12,16,350,18.1250
2006,12,17,351,11.0000
2006,12,18,352,17.4583
2006,12,19,353,18.7083
2006,12,20,354,28.8750
2006,12,21,355,26.7500
2006,12,22,356,13.5000
2006,12,23,357,16.0417
2006,12,24,358,17.4583
2006,12,25,359,18.7083
2006,12,26,360,15.0833
2006,12,27,361,16.7917
2006,12,28,362,19.7083
2006,12,29,363,16.2917
2006,12,30,364,17.0000
2006,12,31,365,13.8750
2007,1,1,1,14.6667
2007,1,2,2,15.2727
2007,1,3,3,18.4583
2007,1,4,4,22.3750
2007,1,5,5,23.0417
2007,1,6,6,31.4167
2007,1,7,7,19.7917
2007,1,8,8,20.6667
2007,1,9,9,51.4167
2007,1,10,10,34.0417
2007,1,11,11,33.9167
2007,1,12,12,16.9583
2007,1,13,13,16.5417
2007,1,14,14,13.3913
2007,1,15,15,19.7083
2007,1,16,16,29.0417
2007,1,17,17,22.2500
2007,1,18,18,25.8750
2007,1,19,19,29.5417
2007,1,20,20,14.4583
2007,1,21,21,14.8261
2007,1,22,22,20.3750
2007,1,23,23,17.2083
2007,1,24,24,15.8333
2007,1,25,25,21.1667
2007,1,26,26,19.5833
2007,1,27,27,18.5000
2007,1,28,28,13.0833
2007,1,29,29,15.7083
2007,1,30,30,20.8750
2007,1,31,31,16.7500
2007,2,1,32,20.6667
2007,2,2,33,17.2500
2007,2,3,34,20.0417
2007,2,4,35,16.0833
2007,2,5,36,17.7083
2007,2,6,37,18.0833
2007,2,7,38,15.1304
2007,2,8,39,15.2500
2007,2,9,40,18.5833
2007,2,10,41,16.1667
2007,2,11,42,17.7083
2007,2,12,43,15.8333
2007,2,13,44,16.7083
2007,2,14,45,16.4167
2007,2,15,46,17.9167
2007,2,16,47,16.7917
2007,2,17,48,22.1250
2007,2,18,49,18.2917
2007,2,19,50,22.5417
2007,2,20,51,20.5417
2007,2,21,52,13.7917
2007,2,22,53,14.9167
2007,2,23,54,13.4167
2007,2,24,55,21.0417
2007,2,25,56,31.4167
2007,2,26,57,29.7500
2007,2,27,58,26.8333
2007,2,28,59,23.0833
2007,3,1,60,19.6667
2007,3,2,61,19.6522
2007,3,3,62,24.8333
2007,3,4,63,29.5000
2007,3,5,64,28.8750
2007,3,6,65,27.5417
2007,3,7,66,65.5833
2007,3,8,67,56.4167
2007,3,9,68,67.4583
2007,3,10,69,54.6667
2007,3,11,70,30.6250
2007,3,12,71,47.6667
2007,3,13,72,65.7083
2007,3,14,73,36.5417
2007,3,15,74,23.0000
2007,3,16,75,37.5417
2007,3,17,76,111.8333
2007,3,18,77,18.6250
2007,3,19,78,20.6667
2007,3,20,79,30.7083
2007,3,21,80,20.6667
2007,3,22,81,21.1667
2007,3,23,82,20.0833
2007,3,24,83,20.9167
2007,3,25,84,15.7917
2007,3,26,85,17.4167
2007,3,27,86,15.5833
2007,3,28,87,14.3333
2007,3,29,88,20.7083
2007,3,30,89,23.7083
2007,3,31,90,15.5833
2007,4,1,91,17.2083
2007,4,2,92,16.7857
2007,4,3,93,21.6667
2007,4,4,94,17.2500
2007,4,5,95,12.7917
2007,4,6,96,11.2500
2007,4,7,97,14.5833
2007,4,8,98,13.4167
2007,4,9,99,12.4167
2007,4,10,100,12.4167
2007,4,11,101,16.2500
2007,4,12,102,17.3333
2007,4,13,103,13.5833
2007,4,14,104,12.6667
2007,4,15,105,12.0417
2007,4,16,106,20.4583
2007,4,17,107,30.5833
2007,4,18,108,33.5000
2007,4,19,109,43.7083
2007,4,20,110,43.7500
2007,4,21,111,45.6250
2007,4,22,112,45.6250
2007,4,23,113,30.4167
2007,4,24,114,25.3333
2007,4,25,115,20.0417
2007,4,26,116,19.0000
2007,4,27,117,17.2500
2007,4,28,118,18.6250
2007,4,29,119,16.8333
2007,4,30,120,15.3750
2007,5,1,121,14.7917
2007,5,2,122,18.0417
2007,5,3,123,15.8333
2007,5,4,124,19.3750
2007,5,5,125,17.1667
2007,5,6,126,17.9583
2007,5,7,127,22.8750
2007,5,8,128,24.7500
2007,5,9,129,18.9167
2007,5,10,130,15.2609
2007,5,11,131,17.9583
2007,5,12,132,35.4583
2007,5,13,133,51.1667
2007,5,14,134,67.0417
2007,5,15,135,157.5000
2007,5,16,136,75.9167
2007,5,17,137,79.0417
2007,5,18,138,74.8750
2007,5,19,139,43.1667
2007,5,20,140,22.2000
2007,5,21,141,15.0000
2007,5,22,142,15.1250
2007,5,23,143,14.6250
2007,5,24,144,30.5833
2007,5,25,145,32.0000
2007,5,26,146,21.5417
2007,5,27,147,14.3333
2007,5,28,148,14.8750
2007,5,29,149,28.7083
2007,5,30,150,30.9167
2007,5,31,151,43.4167
2007,6,1,152,47.1250
2007,6,2,153,53.7917
2007,6,3,154,38.3750
2007,6,4,155,30.8333
2007,6,5,156,26.5417
2007,6,6,157,19.9583
2007,6,7,158,24.4167
2007,6,8,159,23.4167
2007,6,9,160,14.7500
2007,6,10,161,11.3333
2007,6,11,162,17.7917
2007,6,12,163,21.6250
2007,6,13,164,44.7500
2007,6,14,165,37.2083
2007,6,15,166,55.5417
2007,6,16,167,36.7083
2007,6,17,168,20.5833
2007,6,18,169,24.7083
2007,6,19,170,36.1667
2007,6,20,171,38.9583
2007,6,21,172,47.7500
2007,6,22,173,31.7500
2007,6,23,174,20.5417
2007,6,24,175,27.2500
2007,6,25,176,41.6250
2007,6,26,177,33.7917
2007,6,27,178,17.5833
2007,6,28,179,20.0417
2007,6,29,180,58.8333
2007,6,30,181,62.5833
2007,7,1,182,63.8750
2007,7,2,183,75.5000
2007,7,3,184,16.6957
2007,7,4,185,31.6957
2007,7,5,186,42.4545
2007,7,6,187,57.4545
2007,7,7,188,37.7083
2007,7,8,189,36.7917
2007,7,9,190,45.5217
2007,7,10,191,51.3478
2007,7,11,192,30.6957
2007,7,12,193,49.9565
2007,7,13,194,61.0435
2007,7,14,195,25.9565
2007,7,15,196,18.5909
2007,7,16,197,37.9565
2007,7,17,198,50.5217
2007,7,18,199,26.9375
2007,7,19,200,19.0870
2007,7,20,201,52.1739
2007,7,21,202,51.4348
2007,7,22,203,12.0870
2007,7,23,204,52.9565
2007,7,24,205,56.6522
2007,7,25,206,80.4783
2007,7,26,207,82.6957
2007,7,27,208,70.4783
2007,7,28,209,30.5217
2007,7,29,210,16.6522
2007,7,30,211,18.5714
2007,7,31,212,29.5000
2007,8,2,214,59.5714
2007,8,3,215,60.1176
2007,8,4,216,41.0870
2007,8,5,217,12.3043
2007,8,6,218,27.0000
2007,8,7,219,44.7391
2007,8,8,220,41.2609
2007,8,9,221,39.3913
2007,8,10,222,25.9565
2007,8,11,223,46.9130
2007,8,12,224,24.8750
2007,8,13,225,17.1739
2007,8,14,226,16.7391
2007,8,15,227,15.5217
2007,8,16,228,36.5455
2007,8,23,235,24.4615
2007,8,24,236,20.7826
2007,8,25,237,22.0435
2007,8,26,238,24.9130
2007,8,27,239,14.5217
2007,8,28,240,18.2174
2007,8,29,241,15.1250
2007,8,30,242,32.7391
2007,8,31,243,42.2174
2007,9,1,244,24.6957
2007,9,2,245,18.8261
2007,9,3,246,17.7391
2007,9,4,247,20.3478
2007,9,5,248,26.6522
2007,9,6,249,31.0435
2007,9,7,250,17.6087
2007,9,8,251,18.5652
2007,9,9,252,18.1304
2007,9,10,253,19.3684
2007,9,11,254,52.1739
2007,9,12,255,45.3043
2007,9,13,256,21.0000
2007,9,14,257,21.6154
2007,9,15,258,14.6364
2007,9,16,259,11.7143
2007,9,17,260,20.0000
2007,9,18,261,18.2727
2007,9,19,262,39.9333
2007,9,20,263,24.3333
2007,9,21,264,24.0000
2007,9,22,265,13.3478
2007,9,23,266,13.6000
2007,9,24,267,22.0000
2007,9,25,268,14.1111
2007,9,26,269,22.9000
2007,9,27,270,14.4783
2007,9,28,271,41.0000
2007,9,29,272,32.7391
2007,9,30,273,17.2174
2007,10,1,274,23.3913
2007,10,2,275,22.5652
2007,10,3,276,19.3913
2007,10,4,277,21.2609
2007,10,5,278,12.0000
2007,10,6,279,12.2609
2007,10,7,280,13.5217
2007,10,8,281,12.1739
2007,10,9,282,14.4348
2007,10,10,283,13.8696
2007,10,11,284,49.7273
2007,10,12,285,47.0870
2007,10,13,286,29.6522
2007,10,14,287,34.8696
2007,10,15,288,46.7826
2007,10,16,289,29.0000
2007,10,17,290,16.3913
2007,10,18,291,14.2143
2007,10,19,292,15.6957
2007,10,20,293,13.7917
2007,10,21,294,16.8333
2007,10,22,295,24.1667
2007,10,23,296,11.2917
2007,10,24,297,19.8750
2007,10,25,298,14.0000
2007,10,26,299,10.0417
2007,10,27,300,11.6667
2007,10,28,301,14.1667
2007,10,29,302,19.9583
2007,10,30,303,56.2083
2007,10,31,304,54.5417
2007,11,1,305,22.8750
2007,11,2,306,18.1250
2007,11,3,307,15.1250
2007,11,4,308,14.5417
2007,11,5,309,19.2500
2007,11,6,310,19.7083
2007,11,7,311,12.9565
2007,11,8,312,13.9565
2007,11,9,313,15.1739
2007,11,10,314,12.6087
2007,11,11,315,55.4348
2007,11,12,316,76.0000
2007,11,13,317,67.6522
2007,11,14,318,48.4783
2007,11,15,319,44.5652
2007,11,16,320,39.6522
2007,11,17,321,41.5217
2007,11,18,322,37.1739
2007,11,19,323,34.4783
2007,11,20,324,18.6957
2007,11,21,325,21.9130
2007,11,22,326,14.8696
2007,11,23,327,19.3478
2007,11,24,328,18.5217
2007,11,25,329,17.2609
2007,11,26,330,24.8696
2007,11,27,331,23.3750
2007,11,28,332,20.6522
2007,11,29,333,23.8696
2007,11,30,334,32.6522
2007,12,1,335,47.8667
2007,12,3,337,18.1667
2007,12,4,338,17.7917
2007,12,5,339,19.8696
2007,12,6,340,16.7391
2007,12,7,341,17.9565
2007,12,8,342,20.7826
2007,12,9,343,18.2609
2007,12,10,344,14.0435
2007,12,11,345,21.7273
2007,12,12,346,27.0435
2007,12,13,347,26.0000
2007,12,14,348,24.3913
2007,12,15,349,18.3913
2007,12,16,350,18.3478
2007,12,17,351,21.9130
2007,12,18,352,22.9565
2007,12,19,353,23.6087
2007,12,20,354,21.3478
2007,12,21,355,94.9565
2007,12,22,356,13.0000
2007,12,23,357,11.0417
2007,12,24,358,17.5652
2007,12,25,359,11.6087
2007,12,26,360,15.7391
2007,12,27,361,20.3478
2007,12,28,362,17.6522
2007,12,29,363,21.0435
2007,12,30,364,17.9565
2007,12,31,365,18.0000
2008,1,1,1,16.4348
2008,1,2,2,15.4348
2008,1,3,3,21.5217
2008,1,4,4,17.1304
2008,1,5,5,24.2174
2008,1,6,6,20.4783
2008,1,7,7,17.0870
2008,1,8,8,21.0000
2008,1,9,9,24.6957
2008,1,10,10,31.1739
2008,1,11,11,21.6087
2008,1,12,12,14.0870
2008,1,13,13,21.7826
2008,1,14,14,31.9130
2008,1,15,15,27.7826
2008,1,16,16,16.1739
2008,1,17,17,18.7826
2008,1,18,18,18.6522
2008,1,19,19,17.8696
2008,1,20,20,13.2273
2008,1,21,21,16.8261
2008,1,22,22,23.2174
2008,1,23,23,24.8261
2008,1,24,24,20.3913
2008,1,25,25,16.6522
2008,1,26,26,17.0000
2008,1,27,27,16.9565
2008,1,28,28,14.9130
2008,1,29,29,25.3913
2008,1,30,30,21.2174
2008,1,31,31,23.7391
2008,2,1,32,26.2609
2008,2,2,33,20.5652
2008,2,3,34,31.1333
2008,2,14,45,26.3000
2008,2,15,46,23.2917
2008,2,16,47,18.9565
2008,2,17,48,17.6522
2008,2,18,49,17.4348
2008,2,19,50,23.8261
2008,2,20,51,18.8696
2008,2,21,52,20.1739
2008,2,22,53,21.2609
2008,2,23,54,18.9565
2008,2,24,55,15.4783
2008,2,25,56,17.5217
2008,2,26,57,16.3043
2008,2,27,58,16.0435
2008,2,28,59,16.4583
2008,2,29,60,21.2174
2008,3,1,61,17.1739
2008,3,2,62,19.5652
2008,3,3,63,18.1739
2008,3,4,64,16.1739
2008,3,5,65,22.0870
2008,3,6,66,23.3913
2008,3,7,67,24.2609
2008,3,8,68,23.1739
2008,3,9,69,18.3478
2008,3,10,70,26.5652
2008,3,11,71,24.3478
2008,3,12,72,15.1739
2008,3,13,73,18.3478
2008,3,14,74,15.5217
2008,3,15,75,12.9130
2008,3,16,76,12.6957
2008,3,17,77,19.0000
2008,3,18,78,15.5833
2008,3,19,79,29.0870
2008,3,20,80,25.6522
2008,3,21,81,21.0435
2008,3,22,82,19.5217
2008,3,23,83,19.8261
2008,3,24,84,17.6957
2008,3,25,85,16.3913
2008,3,26,86,21.8636
2008,3,27,87,21.5652
2008,3,28,88,20.0000
2008,3,29,89,20.5217
2008,3,30,90,16.9130
2008,3,31,91,16.4348
2008,4,1,92,16.2174
2008,4,2,93,21.0000
2008,4,3,94,16.3043
2008,4,4,95,22.4348
2008,4,5,96,21.4783
2008,4,6,97,17.4783
2008,4,7,98,20.3043
2008,4,8,99,16.6522
2008,4,9,100,17.9545
2008,4,10,101,18.1739
2008,4,11,102,19.3043
2008,4,12,103,17.2174
2008,4,13,104,14.3478
2008,4,14,105,20.3913
2008,4,15,106,16.0870
2008,4,16,107,22.8261
2008,4,17,108,22.8696
2008,4,18,109,19.0870
2008,4,19,110,19.0000
2008,4,20,111,13.8696
2008,4,21,112,33.3913
2008,4,22,113,48.9130
2008,4,23,114,48.1304
2008,4,24,115,44.6087
2008,4,25,116,43.9565
2008,4,26,117,47.2609
2008,4,27,118,46.1304
2008,4,28,119,31.1304
2008,4,29,120,28.8696
2008,4,30,121,21.6087
2008,5,1,122,15.5217
2008,5,2,123,16.0870
2008,5,3,124,15.7391
2008,5,4,125,12.1304
2008,5,5,126,21.5652
2008,5,6,127,57.9130
2008,5,7,128,113.0870
2008,5,8,129,114.8696
2008,5,9,130,105.6087
2008,5,10,131,39.0000
2008,5,11,132,29.6087
2008,5,12,133,25.3043
2008,5,13,134,30.3913
2008,5,14,135,21.0000
2008,5,15,136,22.0870
2008,5,16,137,18.8261
2008,5,17,138,20.3913
2008,5,18,139,25.8696
2008,5,19,140,28.0870
2008,5,20,141,15.1739
2008,5,21,142,18.7826
2008,5,22,143,17.0000
2008,5,23,144,18.7391
2008,5,24,145,16.3913
2008,5,25,146,13.6957
2008,5,26,147,21.2609
2008,5,27,148,26.6087
2008,5,28,149,37.3913
2008,5,29,150,26.9130
2008,5,30,151,17.8696
2008,5,31,152,17.3478
2008,6,1,153,16.6957
2008,6,2,154,20.4348
2008,6,3,155,19.7391
2008,6,4,156,18.6522
2008,6,5,157,17.4348
2008,6,6,158,19.1304
2008,6,7,159,28.3478
2008,6,8,160,42.0870
2008,6,9,161,33.0435
2008,6,10,162,28.5217
2008,6,11,163,29.3913
2008,6,12,164,40.8696
2008,6,13,165,27.4783
2008,6,14,166,41.4783
2008,6,15,167,58.2174
2008,6,16,168,62.1304
2008,6,17,169,39.8261
2008,6,18,170,37.0435
2008,6,19,171,47.0435
2008,6,20,172,39.9286
2008,6,21,173,36.7391
2008,6,22,174,37.9565
2008,6,23,175,37.8696
2008,6,24,176,51.5652
2008,6,25,177,30.4783
2008,6,26,178,23.8261
2008,6,27,179,37.3913
2008,6,28,180,44.8261
2008,6,29,181,42.6522
2008,6,30,182,32.9130
2008,7,1,183,27.4783
2008,7,2,184,44.3478
2008,7,3,185,34.1739
2008,7,4,186,19.7273
2008,7,5,187,23.5217
2008,7,6,188,41.7826
2008,7,7,189,28.3043
2008,7,8,190,22.4348
2008,7,9,191,16.6087
2008,7,10,192,49.5217
2008,7,11,193,51.8636
2008,7,12,194,25.5500
2008,7,13,195,20.6522
2008,7,14,196,37.9130
2008,7,15,197,34.6957
2008,7,16,198,35.9167
2008,7,17,199,17.9130
2008,7,18,200,28.0000
2008,7,19,201,40.2609
2008,7,20,202,35.5217
2008,7,21,203,35.6957
2008,7,22,204,30.6087
2008,7,23,205,18.3043
2008,7,24,206,16.5217
2008,7,25,207,25.9130
2008,7,26,208,27.0000
2008,7,27,209,21.4783
2008,7,28,210,22.8261
2008,7,29,211,28.6957
2008,7,30,212,28.3913
2008,7,31,213,15.3478
2008,8,1,214,24.9130
2008,8,2,215,36.5652
2008,8,3,216,46.3043
2008,8,4,217,36.6957
2008,8,5,218,31.6522
2008,8,6,219,60.9130
2008,8,7,220,23.0000
2008,8,8,221,19.6087
2008,8,9,222,34.2609
2008,8,10,223,51.0000
2008,8,11,224,43.0000
2008,8,12,225,33.2174
2008,8,13,226,52.0870
2008,8,14,227,25.3478
2008,8,15,228,48.5652
2008,8,16,229,49.8261
2008,8,17,230,32.8261
2008,8,18,231,20.5217
2008,8,19,232,18.7391
2008,8,20,233,27.0000
2008,8,21,234,41.3913
2008,8,22,235,36.6522
2008,8,23,236,28.3913
2008,8,24,237,21.7826
2008,8,25,238,18.0435
2008,8,26,239,15.8696
2008,8,27,240,23.7826
2008,8,28,241,22.3478
2008,8,29,242,22.9565
2008,8,30,243,51.7826
2008,8,31,244,47.0000
2008,9,1,245,15.9130
2008,9,2,246,20.2609
2008,9,3,247,22.1739
2008,9,4,248,15.1739
2008,9,5,249,14.1250
2008,9,6,250,74.0000
2008,9,8,252,13.6364
2008,9,9,253,17.8696
2008,9,10,254,21.4783
2008,9,11,255,12.6957
2008,9,12,256,17.5217
2008,9,13,257,19.0000
2008,9,14,258,18.3043
2008,9,15,259,23.6818
2008,9,16,260,23.6957
2008,9,17,261,19.5652
2008,9,18,262,13.6522
2008,9,19,263,14.3913
2008,9,20,264,10.1304
2008,9,21,265,11.9565
2008,9,22,266,16.6522
2008,9,23,267,16.4783
2008,9,24,268,13.5217
2008,9,25,269,17.6957
2008,9,26,270,12.8696
2008,9,27,271,12.0435
2008,9,28,272,15.0435
2008,9,29,273,17.0870
2008,9,30,274,13.3478
2008,10,1,275,13.0870
2008,10,2,276,13.3478
2008,10,3,277,22.5217
2008,10,4,278,24.6522
2008,10,5,279,17.1739
2008,10,6,280,19.3913
2008,10,7,281,23.8261
2008,10,8,282,31.7826
2008,10,9,283,17.2609
2008,10,10,284,16.6957
2008,10,11,285,11.4348
2008,10,12,286,14.7368
2008,10,13,287,39.2273
2008,10,14,288,45.4348
2008,10,15,289,22.1739
2008,10,16,290,18.1739
2008,10,17,291,16.0000
2008,10,18,292,19.0870
2008,10,19,293,27.4348
2008,10,20,294,54.5217
2008,10,21,295,46.4348
2008,10,22,296,25.2609
2008,10,23,297,26.4783
2008,10,24,298,23.7391
2008,10,25,299,14.9130
2008,10,26,300,12.8261
2008,10,27,301,15.0000
2008,10,28,302,14.8696
2008,10,29,303,19.2174
2008,10,30,304,19.6522
2008,10,31,305,15.3043
2008,11,1,306,20.3478
2008,11,2,307,17.5652
2008,11,3,308,19.1304
2008,11,4,309,15.5217
2008,11,5,310,11.3913
2008,11,6,311,16.4348
2008,11,7,312,19.2174
2008,11,8,313,23.1304
2008,11,9,314,17.7826
2008,11,10,315,24.4783
2008,11,11,316,17.3043
2008,11,12,317,16.9565
2008,11,13,318,17.0870
2008,11,14,319,36.0000
2008,11,15,320,31.4783
2008,11,16,321,19.5652
2008,11,17,322,21.0000
2008,11,18,323,20.0870
2008,11,19,324,18.9130
2008,11,20,325,21.7391
2008,11,21,326,16.5217
2008,11,22,327,18.2609
2008,11,23,328,17.8696
2008,11,24,329,19.1739
2008,11,25,330,20.4348
2008,11,26,331,24.3913
2008,11,27,332,29.9130
2008,11,28,333,21.1304
2008,11,29,334,25.3478
2008,11,30,335,22.8696
2008,12,1,336,24.0435
2008,12,2,337,21.7391
2008,12,3,338,18.4783
2008,12,4,339,21.3478
2008,12,5,340,25.1739
2008,12,6,341,16.3043
2008,12,7,342,15.3478
2008,12,8,343,14.3043
2008,12,9,344,14.6087
2008,12,10,345,12.8696
2008,12,11,346,15.8636
2008,12,12,347,17.0833
2008,12,13,348,19.3043
2008,12,14,349,16.9545
2008,12,15,350,21.5652
2008,12,16,351,15.8667
2008,12,17,352,28.8261
2008,12,18,353,20.8696
2008,12,19,354,24.4783
2008,12,20,355,19.8261
2008,12,21,356,14.4348
2008,12,22,357,17.2609
2008,12,23,358,17.3043
2008,12,24,359,21.0870
2008,12,25,360,21.9565
2008,12,26,361,23.3913
2008,12,27,362,20.1739
2008,12,28,363,19.2174
2008,12,29,364,16.1304
2008,12,30,365,21.5217
2008,12,31,366,19.6087
2009,1,1,1,16.5652
2009,1,2,2,17.6522
2009,1,3,3,16.2174
2009,1,4,4,17.1739
2009,1,5,5,20.2609
2009,1,6,6,19.9130
2009,1,7,7,14.9130
2009,1,8,8,17.4348
2009,1,9,9,20.1739
2009,1,10,10,16.8261
2009,1,11,11,17.9130
2009,1,12,12,20.8696
2009,1,13,13,22.7826
2009,1,14,14,22.3913
2009,1,15,15,23.2609
2009,1,16,16,13.8333
2009,1,17,17,13.6250
2009,1,18,18,22.5833
2009,1,19,19,18.5217
2009,1,20,20,14.1250
2009,1,21,21,20.5652
2009,1,22,22,21.5238
2009,1,23,23,18.5455
2009,1,24,24,14.1304
2009,1,25,25,15.6957
2009,1,26,26,17.0000
2009,1,27,27,16.1304
2009,1,28,28,18.3043
2009,1,29,29,19.5217
2009,1,30,30,17.8261
2009,1,31,31,16.1304
2009,2,1,32,12.9565
2009,2,2,33,15.2174
2009,2,3,34,18.9565
2009,2,4,35,24.7500
2009,2,5,36,17.4667
2009,2,6,37,16.1111
2009,2,7,38,17.6250
2009,2,8,39,15.7917
2009,2,9,40,18.0870
2009,2,10,41,14.6957
2009,2,11,42,12.7391
2009,2,12,43,20.0870
2009,2,13,44,19.7826
2009,2,14,45,13.0870
2009,2,15,46,19.4783
2009,2,16,47,29.9565
2009,2,17,48,45.6522
2009,2,18,49,17.4348
2009,2,19,50,18.4783
2009,2,20,51,18.9130
2009,2,21,52,23.7826
2009,2,22,53,21.8261
2009,2,23,54,21.9130
2009,2,24,55,23.1250
2009,2,25,56,19.2500
2009,2,26,57,17.0435
2009,2,27,58,17.6957
2009,2,28,59,17.8261
2009,3,1,60,13.5652
2009,3,2,61,12.6957
2009,3,3,62,14.7826
2009,3,4,63,16.7391
2009,3,5,64,21.2609
2009,3,6,65,21.3333
2009,3,7,66,19.8636
2009,3,8,67,28.0870
2009,3,9,68,29.9565
2009,3,10,69,33.3043
2009,3,11,70,25.7333
2009,3,12,71,22.5455
2009,3,13,72,21.6522
2009,3,14,73,23.0870
2009,3,15,74,14.1304
2009,3,16,75,15.0000
2009,3,17,76,21.3043
2009,3,18,77,19.6957
2009,3,19,78,16.0000
2009,3,20,79,17.0000
2009,3,21,80,17.6522
2009,3,22,81,18.7083
2009,3,23,82,20.7917
2009,3,24,83,16.8750
2009,3,25,84,13.2083
2009,3,26,85,18.8333
2009,3,27,86,24.8750
2009,3,28,87,22.9583
2009,3,29,88,18.1250
2009,3,30,89,19.0833
2009,3,31,90,16.3333
2009,4,1,91,22.5000
2009,4,2,92,13.0833
2009,4,3,93,12.7500
2009,4,4,94,10.3913
2009,4,5,95,12.2917
2009,4,6,96,13.3750
2009,4,7,97,14.5000
2009,4,8,98,18.7917
2009,4,9,99,12.0000
2009,4,10,100,14.6250
2009,4,11,101,16.6667
2009,4,12,102,15.7083
2009,4,13,103,17.0000
2009,4,14,104,14.7917
2009,4,15,105,17.5000
2009,4,16,106,17.7917
2009,4,17,107,18.8333
2009,4,18,108,16.5833
2009,4,19,109,11.3913
2009,4,20,110,13.0000
2009,4,21,111,17.8333
2009,4,22,112,19.5217
2009,4,23,113,24.5714
2009,4,24,114,11.3077
2009,4,25,115,16.3750
2009,4,26,116,16.1250
2009,4,27,117,15.8750
2009,4,28,118,18.0000
2009,4,29,119,19.6667
2009,4,30,120,19.0833
2009,5,1,121,14.1667
2009,5,2,122,23.6667
2009,5,3,123,17.9583
2009,5,4,124,21.7083
2009,5,5,125,17.6667
2009,5,6,126,24.5417
2009,5,7,127,25.0833
2009,5,8,128,31.7917
2009,5,9,129,40.7083
2009,5,10,130,22.7083
2009,5,11,131,15.8333
2009,5,12,132,17.3333
2009,5,13,133,17.3750
2009,5,14,134,16.5417
2009,5,15,135,21.1250
2009,5,16,136,19.4167
2009,5,17,137,14.5417
2009,5,18,138,30.4583
2009,5,19,139,41.1250
2009,5,20,140,30.6667
2009,5,21,141,23.1667
2009,5,22,142,32.5000
2009,5,23,143,33.5000
2009,5,24,144,22.6667
2009,5,25,145,25.5833
2009,5,26,146,39.3750
2009,5,27,147,46.7917
2009,5,28,148,45.0000
2009,5,29,149,24.6667
2009,5,30,150,12.6364
2009,5,31,151,18.6000
2009,6,1,152,34.1111
2009,6,2,153,20.5000
2009,6,3,154,26.9583
2009,6,4,155,14.2609
2009,6,5,156,16.6667
2009,6,6,157,22.6250
2009,6,7,158,47.2083
2009,6,8,159,64.7083
2009,6,9,160,30.7500
2009,6,10,161,19.1250
2009,6,11,162,14.6667
2009,6,12,163,24.2917
2009,6,13,164,42.7083
2009,6,14,165,28.3478
2009,6,15,166,21.4000
2009,6,16,167,14.8462
2009,6,17,168,16.0833
2009,6,18,169,16.3333
2009,6,19,170,17.8750
2009,6,20,171,15.2500
2009,6,21,172,13.4091
2009,6,22,173,13.5652
2009,6,23,174,16.4167
2009,6,24,175,27.5000
2009,6,25,176,119.4167
2009,6,26,177,113.4167
2009,6,27,178,80.7917
2009,6,28,179,82.7917
2009,6,29,180,57.2917
2009,6,30,181,18.8750
2009,7,1,182,52.6250
2009,7,2,183,47.6250
2009,7,3,184,51.4167
2009,7,4,185,36.0833
2009,7,5,186,63.7826
2009,7,6,187,50.6250
2009,7,7,188,26.9583
2009,7,8,189,20.2500
2009,7,9,190,44.3750
2009,7,10,191,41.1250
2009,7,11,192,34.8750
2009,7,12,193,14.9167
2009,7,13,194,37.7917
2009,7,14,195,38.6250
2009,7,15,196,57.7500
2009,7,16,197,20.8333
2009,7,17,198,28.0833
2009,7,18,199,21.1667
2009,7,19,200,37.8333
2009,7,20,201,35.6667
2009,7,21,202,29.0833
2009,7,22,203,38.4167
2009,7,23,204,52.2917
2009,7,24,205,36.9583
2009,7,25,206,19.6250
2009,7,26,207,21.7500
2009,7,27,208,49.6250
2009,7,28,209,62.5417
2009,7,29,210,25.4583
2009,7,30,211,23.8889
2009,7,31,212,33.0000
2009,8,1,213,32.0000
2009,8,2,214,25.5417
2009,8,3,215,43.6250
2009,8,4,216,50.4583
2009,8,5,217,53.5000
2009,8,6,218,82.7083
2009,8,7,219,65.0833
2009,8,8,220,37.8333
2009,8,9,221,32.4167
2009,8,10,222,41.6667
2009,8,11,223,26.3750
2009,8,12,224,19.9167
2009,8,13,225,27.1667
2009,8,14,226,25.0000
2009,8,15,227,25.2500
2009,8,16,228,23.6250
2009,8,17,229,26.0833
2009,8,18,230,40.2500
2009,8,19,231,29.2083
2009,8,20,232,32.3750
2009,8,21,233,24.1667
2009,8,22,234,27.8750
2009,8,23,235,23.3750
2009,8,24,236,21.2917
2009,8,25,237,22.9583
2009,8,26,238,55.6250
2009,8,27,239,33.9167
2009,8,28,240,18.1667
2009,8,29,241,19.8333
2009,8,30,242,27.5417
2009,8,31,243,43.4167
2009,9,1,244,23.5000
2009,9,2,245,15.5000
2009,9,3,246,15.1667
2009,9,4,247,14.6667
2009,9,5,248,13.0417
2009,9,6,249,28.7500
2009,9,7,250,19.0833
2009,9,8,251,15.5652
2009,9,9,252,23.6667
2009,9,10,253,20.9583
2009,9,11,254,22.7083
2009,9,12,255,31.6250
2009,9,13,256,27.0909
2009,9,14,257,25.5833
2009,9,15,258,25.7083
2009,9,16,259,33.1250
2009,9,17,260,19.4583
2009,9,18,261,16.6667
2009,9,19,262,24.4167
2009,9,20,263,22.2500
2009,9,21,264,18.5652
2009,9,22,265,17.2500
2009,9,23,266,15.9167
2009,9,24,267,19.4167
2009,9,25,268,12.2917
2009,9,26,269,13.9167
2009,9,27,270,59.6667
2009,9,28,271,97.6250
2009,9,29,272,27.1250
2009,9,30,273,14.3333
2009,10,1,274,15.5000
2009,10,2,275,13.8333
2009,10,3,276,23.5000
2009,10,4,277,11.9167
2009,10,5,278,67.0417
2009,10,6,279,68.6667
2009,10,7,280,44.9583
2009,10,8,281,18.2917
2009,10,9,282,33.4583
2009,10,10,283,51.0833
2009,10,11,284,47.7500
2009,10,12,285,51.9167
2009,10,13,286,21.2500
2009,10,14,287,24.0000
2009,10,15,288,20.3750
2009,10,16,289,19.5000
2009,10,17,290,28.6957
2009,10,18,291,18.9583
2009,10,19,292,16.7083
2009,10,20,293,19.6250
2009,10,21,294,19.2083
2009,10,22,295,18.6667
2009,10,23,296,16.2500
2009,10,24,297,13.9167
2009,10,25,298,13.2500
2009,10,26,299,19.0833
2009,10,27,300,19.7500
2009,10,28,301,16.9583
2009,10,29,302,17.7917
2009,10,30,303,17.0000
2009,10,31,304,12.6250
2009,11,1,305,11.0417
2009,11,2,306,12.1667
2009,11,3,307,18.6250
2009,11,4,308,26.9583
2009,11,5,309,36.3750
2009,11,6,310,20.4167
2009,11,7,311,22.5833
2009,11,8,312,17.2083
2009,11,9,313,21.2500
2009,11,10,314,29.9167
2009,11,11,315,14.9167
2009,11,12,316,17.0417
2009,11,13,317,18.4783
2009,11,14,318,26.1667
2009,11,15,319,25.5417
2009,11,16,320,17.1250
2009,11,17,321,16.9583
2009,11,18,322,17.8750
2009,11,19,323,15.2500
2009,11,20,324,16.4167
2009,11,21,325,21.5000
2009,11,22,326,19.6667
2009,11,23,327,17.8500
2009,11,24,328,18.4167
2009,11,25,329,21.7917
2009,11,26,330,32.5000
2009,11,27,331,38.5000
2009,11,28,332,33.7917
2009,11,29,333,18.2083
2009,11,30,334,20.2083
2009,12,1,335,23.5833
2009,12,2,336,18.1250
2009,12,3,337,19.1667
2009,12,4,338,18.4000
2009,12,5,339,18.1250
2009,12,6,340,15.3333
2009,12,7,341,28.1364
2009,12,8,342,22.0833
2009,12,9,343,16.3333
2009,12,10,344,16.4583
2009,12,11,345,20.3333
2009,12,12,346,19.0417
2009,12,13,347,18.4583
2009,12,14,348,15.0833
2009,12,15,349,18.4583
2009,12,16,350,10.6250
2009,12,17,351,17.5417
2009,12,18,352,13.7391
2009,12,19,353,11.7083
2009,12,20,354,11.4167
2009,12,21,355,17.7083
2009,12,22,356,27.8750
2009,12,23,357,20.6667
2009,12,24,358,20.1667
2009,12,25,359,21.9091
2009,12,26,360,22.6250
2009,12,27,361,23.7917
2009,12,28,362,20.7917
2009,12,29,363,27.0833
2009,12,30,364,33.4583
2009,12,31,365,20.2500
2010,1,1,1,15.6667
2010,1,2,2,20.5833
2010,1,3,3,12.6667
2010,1,4,4,16.5417
2010,1,5,5,27.4583
2010,1,6,6,35.4583
2010,1,7,7,33.5833
2010,1,8,8,22.1250
2010,1,9,9,14.2917
2010,1,10,10,13.8750
2010,1,11,11,16.3333
2010,1,12,12,14.1667
2010,1,13,13,17.8750
2010,1,14,14,21.2083
2010,1,15,15,17.2500
2010,1,16,16,13.2500
2010,1,17,17,15.1250
2010,1,18,18,16.3750
2010,1,19,19,16.7083
2010,1,20,20,17.2083
2010,1,21,21,13.8750
2010,1,22,22,12.5417
2010,1,23,23,19.3333
2010,1,24,24,24.5000
2010,1,25,25,15.1667
2010,1,26,26,17.0417
2010,1,27,27,18.8333
2010,1,28,28,18.2083
2010,1,29,29,16.2174
2010,1,30,30,19.5333
2010,1,31,31,23.6667
2010,2,1,32,15.0000
2010,2,2,33,20.4615
2010,2,3,34,20.0417
2010,2,4,35,19.9583
2010,2,5,36,27.9167
2010,2,6,37,14.7917
2010,2,7,38,14.2917
2010,2,8,39,19.7917
2010,2,9,40,38.0417
2010,2,10,41,46.8333
2010,2,11,42,75.7500
2010,2,12,43,153.9565
2010,2,13,44,166.0417
2010,2,14,45,59.9167
2010,2,15,46,51.1250
2010,2,16,47,34.0000
2010,2,17,48,20.4583
2010,2,18,49,23.4583
2010,2,19,50,20.8750
2010,2,20,51,15.9583
2010,2,21,52,16.1250
2010,2,22,53,20.3750
2010,2,23,54,20.3333
2010,2,24,55,22.7895
2010,2,25,56,27.9583
2010,2,26,57,38.1250
2010,2,27,58,28.6667
2010,2,28,59,19.7500
2010,3,1,60,40.1053
2010,3,2,61,52.0417
2010,3,3,62,50.5833
2010,3,4,63,50.9167
2010,3,5,64,39.0417
2010,3,6,65,43.0833
2010,3,7,66,40.8333
2010,3,8,67,23.0833
2010,3,9,68,27.0417
2010,3,10,69,53.7083
2010,3,11,70,54.9167
2010,3,12,71,17.7917
2010,3,13,72,29.0833
2010,3,14,73,23.0417
2010,3,15,74,44.5417
2010,3,16,75,55.1667
2010,3,17,76,68.9583
2010,3,18,77,62.0000
2010,3,19,78,62.5417
2010,3,20,79,31.5833
2010,3,21,80,28.1667
2010,3,22,81,28.5833
2010,3,23,82,27.4583
2010,3,24,83,21.5833
2010,3,25,84,18.9583
2010,3,26,85,15.5417
2010,3,27,86,13.5417
2010,3,28,87,10.4348
2010,3,29,88,16.5833
2010,3,30,89,25.0417
2010,3,31,90,69.1250
2010,4,1,91,55.2222
2010,4,9,99,17.9565
2010,4,10,100,21.7083
2010,4,11,101,19.7917
2010,4,12,102,15.6818
2010,4,13,103,18.0417
2010,4,14,104,20.8333
2010,4,15,105,30.0833
2010,4,16,106,14.4167
2010,4,17,107,16.1250
2010,4,18,108,16.2917
2010,4,19,109,21.3333
2010,4,20,110,19.3333
2010,4,21,111,14.7083
2010,4,22,112,15.2500
2010,4,23,113,14.2083
2010,4,24,114,13.0417
2010,4,25,115,14.2500
2010,4,26,116,33.8750
2010,4,27,117,73.1250
2010,4,28,118,92.4583
2010,4,29,119,53.6667
2010,4,30,120,19.7917
2010,5,1,121,16.6667
2010,5,2,122,17.8261
2010,5,3,123,18.0417
2010,5,4,124,19.7083
2010,5,5,125,21.3750
2010,5,6,126,16.3750
2010,5,7,127,21.9565
2010,5,8,128,20.5333
2010,5,9,129,21.5000
2010,5,10,130,19.0526
2010,5,11,131,13.2083
2010,5,12,132,16.5417
2010,5,13,133,17.1250
2010,5,14,134,21.7500
2010,5,15,135,19.0000
2010,5,16,136,19.8750
2010,5,17,137,18.6667
2010,5,18,138,24.5417
2010,5,19,139,22.9167
2010,5,20,140,29.9583
2010,5,21,141,23.6667
2010,5,22,142,29.1667
2010,5,23,143,36.0833
2010,5,24,144,48.8333
2010,5,25,145,69.0000
2010,5,26,146,75.4167
2010,5,27,147,85.7500
2010,5,28,148,46.7500
2010,5,29,149,26.0000
2010,5,30,150,29.9167
2010,5,31,151,79.1667
2010,6,1,152,104.4167
2010,6,2,153,98.0417
2010,6,3,154,105.0000
2010,6,4,155,31.0833
2010,6,5,156,18.2917
2010,6,6,157,29.9583
2010,6,7,158,43.3333
2010,6,8,159,50.7083
2010,6,9,160,58.1667
2010,6,10,161,55.3333
2010,6,11,162,21.3750
2010,6,12,163,20.3333
2010,6,13,164,33.2500
2010,6,14,165,11.6250
2010,6,15,166,14.1250
2010,6,16,167,21.7826
2010,6,17,168,26.6667
2010,6,18,169,13.6667
2010,6,19,170,21.9583
2010,6,20,171,20.0833
2010,6,21,172,24.7500
2010,6,22,173,35.2083
2010,6,23,174,33.1250
2010,6,24,175,35.0833
2010,6,25,176,19.3333
2010,6,26,177,15.1250
2010,6,27,178,26.7500
2010,6,28,179,49.8333
2010,6,29,180,20.5000
2010,6,30,181,32.3750
2010,7,1,182,62.6250
2010,7,2,183,60.5417
2010,7,3,184,46.4167
2010,7,4,185,26.0417
2010,7,5,186,32.5417
2010,7,6,187,71.5833
2010,7,7,188,70.7917
2010,7,8,189,38.3750
2010,7,9,190,32.9167
2010,7,10,191,45.6667
2010,7,11,192,20.0435
2010,7,12,193,23.5833
2010,7,13,194,41.7917
2010,7,14,195,55.1304
2010,7,15,196,39.0833
2010,7,16,197,36.8333
2010,7,17,198,36.5417
2010,7,18,199,26.5000
2010,7,19,200,18.5417
2010,7,20,201,17.0417
2010,7,21,202,19.0833
2010,7,22,203,33.5417
2010,7,23,204,32.6250
2010,7,24,205,30.9167
2010,7,25,206,54.7917
2010,7,26,207,31.0833
2010,7,27,208,19.0833
2010,7,28,209,21.9583
2010,7,29,210,41.1667
2010,7,30,211,39.2500
2010,7,31,212,27.3750
2010,8,1,213,23.6957
2010,8,2,214,22.2917
2010,8,3,215,29.2500
2010,8,4,216,25.8333
2010,8,5,217,21.2500
2010,8,6,218,46.8333
2010,8,7,219,22.7895
2010,8,8,220,15.5000
2010,8,9,221,9.0000
2010,8,10,222,10.2917
2010,8,11,223,12.4167
2010,8,12,224,21.8333
2010,8,13,225,25.5000
2010,8,14,226,20.7500
2010,8,15,227,14.3750
2010,8,16,228,14.8333
2010,8,17,229,39.5000
2010,8,18,230,90.4583
2010,8,19,231,60.4583
2010,8,20,232,29.7917
2010,8,21,233,22.7917
2010,8,22,234,20.4167
2010,8,23,235,42.4583
2010,8,24,236,80.2500
2010,8,25,237,14.9167
2010,8,26,238,36.2083
2010,8,27,239,31.7500
2010,8,28,240,21.3750
2010,8,29,241,26.6875
2010,9,1,244,24.1000
2010,9,2,245,51.6667
2010,9,3,246,54.7500
2010,9,4,247,30.2500
2010,9,5,248,20.5000
2010,9,6,249,18.4167
2010,9,7,250,19.0833
2010,9,8,251,18.5833
2010,9,9,252,21.3333
2010,9,10,253,17.3333
2010,9,11,254,12.3750
2010,9,12,255,13.6250
2010,9,13,256,20.5833
2010,9,14,257,25.7083
2010,9,15,258,26.1667
2010,9,16,259,22.4583
2010,9,17,260,25.4167
2010,9,18,261,19.6250
2010,9,19,262,15.6667
2010,9,20,263,28.2500
2010,9,21,264,80.5000
2010,9,22,265,30.0833
2010,9,23,266,21.2083
2010,9,24,267,19.2500
2010,9,25,268,12.8333
2010,9,26,269,15.6087
2010,9,27,270,12.2917
2010,9,28,271,15.3333
2010,9,29,272,16.3750
2010,9,30,273,15.4583
2010,10,1,274,23.5417
2010,10,2,275,14.6667
2010,10,3,276,14.7083
2010,10,4,277,13.2083
2010,10,5,278,16.4167
2010,10,6,279,22.7500
2010,10,7,280,21.9565
2010,10,8,281,19.5000
2010,10,9,282,32.1667
2010,10,10,283,16.0417
2010,10,11,284,21.2083
2010,10,12,285,25.3750
2010,10,13,286,24.0833
2010,10,14,287,19.0833
2010,10,15,288,17.6250
2010,10,16,289,17.0000
2010,10,17,290,18.5000
2010,10,18,291,18.0000
2010,10,19,292,12.8333
2010,10,20,293,16.2500
2010,10,21,294,15.4167
2010,10,22,295,19.8571
2010,10,25,298,13.3333
2010,10,26,299,16.0833
2010,10,27,300,18.0000
2010,10,28,301,14.9583
2010,10,29,302,16.5417
2010,10,30,303,20.4167
2010,10,31,304,18.1667
2010,11,1,305,17.6667
2010,11,2,306,33.2500
2010,11,3,307,42.1250
2010,11,4,308,22.1250
2010,11,5,309,24.4583
2010,11,6,310,19.2083
2010,11,7,311,15.3750
2010,11,8,312,14.0417
2010,11,9,313,16.4583
2010,11,10,314,10.7083
2010,11,11,315,13.5417
2010,11,12,316,14.8750
2010,11,13,317,17.6250
2010,11,14,318,18.3750
2010,11,15,319,17.7083
2010,11,16,320,17.3333
2010,11,17,321,14.3750
2010,11,18,322,12.0833
2010,11,19,323,15.0417
2010,11,20,324,15.8333
2010,11,21,325,15.5000
2010,11,22,326,15.4583
2010,11,23,327,16.0417
2010,11,24,328,20.5833
2010,11,25,329,16.7083
2010,11,26,330,15.7500
2010,11,27,331,14.9167
2010,11,28,332,14.5417
2010,11,29,333,15.7917
2010,11,30,334,16.0000
2010,12,1,335,23.5417
2010,12,2,336,18.0833
2010,12,3,337,19.8333
2010,12,4,338,21.3750
2010,12,5,339,13.9167
2010,12,6,340,13.3750
2010,12,7,341,11.0000
2010,12,8,342,14.5417
2010,12,9,343,21.2917
2010,12,10,344,21.3333
2010,12,11,345,21.5417
2010,12,12,346,15.7500
2010,12,13,347,20.5833
2010,12,14,348,16.4167
2010,12,15,349,20.9583
2010,12,16,350,15.0833
2010,12,17,351,16.3333
2010,12,18,352,13.8750
2010,12,19,353,17.0833
2010,12,20,354,13.2083
2010,12,21,355,16.7917
2010,12,22,356,21.6667
2010,12,23,357,16.4167
2010,12,24,358,24.8333
2010,12,25,359,7.9167
2010,12,26,360,8.7083
2010,12,27,361,12.6250
2010,12,28,362,11.8333
2010,12,29,363,12.9583
2010,12,30,364,9.3750
2010,12,31,365,12.4167
2011,1,1,1,13.5417
2011,1,2,2,15.9583
2011,1,3,3,9.7083
2011,1,4,4,8.2083
2011,1,5,5,13.9167
2011,1,6,6,16.5833
2011,1,7,7,27.8333
2011,1,8,8,19.0417
2011,1,9,9,21.5417
2011,1,10,10,22.6250
2011,1,11,11,21.0417
2011,1,12,12,24.7917
2011,1,13,13,38.0417
2011,1,14,14,26.5417
2011,1,15,15,15.8750
2011,1,16,16,17.4167
2011,1,17,17,18.8333
2011,1,18,18,20.4583
2011,1,19,19,13.9167
2011,1,20,20,14.9583
2011,1,21,21,18.9583
2011,1,22,22,16.0833
2011,1,23,23,17.7917
2011,1,24,24,13.1250
2011,1,25,25,15.3333
2011,1,26,26,15.8333
2011,1,27,27,15.5833
2011,1,28,28,17.3750
2011,1,29,29,16.8333
2011,1,30,30,11.6250
2011,1,31,31,11.2500
2011,2,1,32,13.5000
2011,2,2,33,13.0417
2011,2,3,34,13.0417
2011,2,4,35,11.6250
2011,2,5,36,16.2381
2011,2,6,37,13.0417
2011,2,7,38,19.2500
2011,2,8,39,18.0870
2011,2,9,40,23.0000
2011,2,10,41,21.6250
2011,2,11,42,21.0833
2011,2,12,43,20.9167
2011,2,13,44,13.7500
2011,2,14,45,14.9167
2011,2,15,46,19.3333
2011,2,16,47,16.4583
2011,2,17,48,16.0000
2011,2,18,49,17.7083
2011,2,19,50,21.5833
2011,2,20,51,17.6250
2011,2,21,52,18.0833
2011,2,22,53,20.5000
2011,2,23,54,24.6667
2011,2,24,55,18.8333
2011,2,25,56,19.1667
2011,2,26,57,21.9583
2011,2,27,58,18.1250
2011,2,28,59,18.8333
2011,3,1,60,18.1250
2011,3,2,61,10.6667
2011,3,3,62,12.6250
2011,3,4,63,21.2917
2011,3,5,64,35.2500
2011,3,6,65,22.2083
2011,3,7,66,17.3333
2011,3,8,67,9.8750
2011,3,9,68,12.7917
2011,3,10,69,15.9583
2011,3,11,70,19.9583
2011,3,12,71,11.7083
2011,3,13,72,11.8750
2011,3,14,73,15.3333
2011,3,15,74,16.1667
2011,3,16,75,12.2917
2011,3,17,76,14.0833
2011,3,18,77,22.8333
2011,3,19,78,13.7083
2011,3,20,79,10.4167
2011,3,21,80,16.3333
2011,3,22,81,16.6667
2011,3,23,82,19.5000
2011,3,24,83,14.0000
2011,3,25,84,16.0000
2011,3,26,85,18.9167
2011,3,27,86,13.2917
2011,3,28,87,17.7083
2011,3,29,88,18.4167
2011,3,30,89,25.6250
2011,3,31,90,16.0833
2011,4,1,91,19.2500
2011,4,2,92,20.1667
2011,4,5,95,31.8000
2011,4,6,96,27.7500
2011,4,7,97,20.3750
2011,4,8,98,19.4583
2011,4,9,99,17.9583
2011,4,10,100,21.1667
2011,4,11,101,18.2727
2011,4,12,102,13.8750
2011,4,13,103,12.0000
2011,4,14,104,20.9167
2011,4,15,105,20.2917
2011,4,16,106,17.3333
2011,4,17,107,12.2500
2011,4,18,108,16.9583
2011,4,19,109,15.5000
2011,4,20,110,22.2083
2011,4,21,111,14.9167
2011,4,22,112,17.3333
2011,4,23,113,15.3333
2011,4,24,114,12.2500
2011,4,25,115,18.5417
2011,4,26,116,20.9583
2011,4,27,117,14.2083
2011,4,28,118,23.3333
2011,4,29,119,21.9583
2011,4,30,120,20.0833
2011,5,1,121,16.7391
2011,5,2,122,15.4167
2011,5,3,123,15.7083
2011,5,4,124,14.2727
2011,5,5,125,7.1111
2011,5,6,126,16.5833
2011,5,7,127,15.0000
2011,5,8,128,8.1250
2011,5,9,129,18.8750
2011,5,10,130,35.9583
2011,5,11,131,60.2500
2011,5,12,132,49.0000
2011,5,13,133,33.4167
2011,5,14,134,30.1250
2011,5,15,135,36.3750
2011,5,16,136,19.6250
2011,5,17,137,14.5833
2011,5,18,138,16.2500
2011,5,19,139,17.4583
2011,5,20,140,17.9583
2011,5,21,141,13.2083
2011,5,22,142,21.5000
2011,5,23,143,33.7500
2011,5,24,144,35.6087
2011,5,25,145,39.4545
2011,5,26,146,86.8750
2011,5,27,147,69.5833
2011,5,28,148,82.5417
2011,5,29,149,43.6667
2011,5,30,150,59.3333
2011,5,31,151,58.0000
2011,6,1,152,60.2083
2011,6,2,153,47.3333
2011,6,3,154,47.8750
2011,6,4,155,37.8750
2011,6,5,156,32.5000
2011,6,6,157,16.9583
2011,6,7,158,34.1667
2011,6,8,159,32.2917
2011,6,9,160,26.8750
2011,6,10,161,39.5000
2011,6,11,162,38.3333
2011,6,12,163,28.5833
2011,6,13,164,17.5833
2011,6,14,165,25.6000
2011,6,15,166,34.0000
2011,6,16,167,30.1250
2011,6,17,168,19.7083
2011,6,18,169,19.0417
2011,6,19,170,24.0000
2011,6,20,171,36.6667
2011,6,21,172,56.7500
2011,6,22,173,47.8333
2011,6,23,174,44.9583
2011,6,24,175,43.6250
2011,6,25,176,30.2500
2011,6,26,177,27.7917
2011,6,27,178,48.1667
2011,6,28,179,57.0000
2011,6,29,180,48.1667
2011,6,30,181,33.7500
2011,7,1,182,48.7083
2011,7,2,183,30.2917
2011,7,3,184,35.8750
2011,7,4,185,25.8333
2011,7,5,186,31.3333
2011,7,6,187,38.9167
2011,7,7,188,20.4091
2011,7,8,189,33.4583
2011,7,9,190,44.2083
2011,7,10,191,22.7917
2011,7,11,192,15.5833
2011,7,12,193,23.8333
2011,7,13,194,35.1250
2011,7,14,195,51.5833
2011,7,15,196,23.2308
2011,7,16,197,18.1667
2011,7,17,198,31.1667
2011,7,18,199,16.1250
2011,7,19,200,26.0417
2011,7,20,201,34.7083
2011,7,21,202,39.3750
2011,7,22,203,18.5000
2011,7,23,204,12.2917
2011,7,24,205,17.6250
2011,7,25,206,18.0417
2011,7,26,207,14.0000
2011,7,27,208,14.9167
2011,7,28,209,18.5714
2011,7,29,210,22.4286
2011,7,30,211,15.9583
2011,7,31,212,19.1250
2011,8,1,213,35.5455
2011,8,2,214,17.7500
2011,8,3,215,29.8750
2011,8,4,216,69.1667
2011,8,5,217,28.0000
2011,8,6,218,23.5000
2011,8,8,220,12.7692
2011,8,9,221,20.0500
2011,8,10,222,9.5417
2011,8,11,223,36.9583
2011,8,12,224,71.3750
2011,8,13,225,55.6250
2011,8,14,226,62.8333
2011,8,15,227,45.6667
2011,8,17,229,34.7000
2011,8,18,230,28.7917
2011,8,19,231,34.0833
2011,8,20,232,24.6087
2011,8,21,233,14.0870
2011,8,22,234,23.8333
2011,8,23,235,32.5385
2011,8,24,236,22.1667
2011,8,25,237,39.5000
2011,8,26,238,37.1250
2011,8,27,239,20.2500
2011,8,28,240,18.1667
2011,8,29,241,23.4583
2011,8,30,242,11.0000
2011,9,26,269,13.6667
2011,9,27,270,11.9167
2011,9,28,271,11.6250
2011,9,29,272,14.2500
2011,9,30,273,17.4583
2011,10,1,274,15.5652
2011,10,2,275,16.1250
2011,10,3,276,32.5000
2011,10,4,277,68.3913
2011,10,5,278,49.1667
2011,10,6,279,28.0417
2011,10,7,280,19.5833
2011,10,8,281,18.8333
2011,10,9,282,14.6667
2011,10,10,283,18.6667
2011,10,11,284,36.7619
2011,10,12,285,34.5000
2011,10,13,286,68.7500
2011,10,14,287,69.0455
2011,10,15,288,24.2500
2011,10,16,289,28.3333
2011,10,17,290,50.8333
2011,10,18,291,30.9583
2011,10,19,292,30.4583
2011,10,20,293,24.2500
2011,10,21,294,22.7500
2011,10,22,295,33.3750
2011,10,23,296,38.0000
2011,10,24,297,18.2500
2011,10,25,298,11.8500
2011,10,26,299,19.8333
2011,10,27,300,15.6667
2011,10,28,301,18.2778
2011,10,29,302,14.2083
2011,10,30,303,13.0000
2011,10,31,304,17.0417
2011,11,1,305,11.5833
2011,11,2,306,46.2083
2011,11,3,307,87.5000
2011,11,4,308,58.3750
2011,11,5,309,25.0417
2011,11,6,310,12.5417
2011,11,7,311,21.1250
2011,11,8,312,43.5833
2011,11,9,313,38.2083
2011,11,10,314,26.5833
2011,11,11,315,25.9583
2011,11,12,316,24.7083
2011,11,13,317,17.9583
2011,11,14,318,20.3810
2011,11,15,319,17.1667
2011,11,16,320,20.2083
2011,11,17,321,16.7500
2011,11,18,322,15.7917
2011,11,19,323,17.2500
2011,11,20,324,15.4583
2011,11,21,325,25.5417
2011,11,22,326,22.4167
2011,11,23,327,15.1250
2011,11,24,328,16.1250
2011,11,25,329,15.4167
2011,11,26,330,20.4167
2011,11,27,331,14.2917
2011,11,28,332,8.6250
2011,11,29,333,12.9583
2011,11,30,334,19.8182
2011,12,1,335,20.1667
2011,12,2,336,17.3750
2011,12,3,337,14.3750
2011,12,4,338,12.5000
2011,12,5,339,17.0417
2011,12,6,340,27.4583
2011,12,7,341,18.0833
2011,12,8,342,19.5417
2011,12,9,343,22.7500
2011,12,10,344,21.6250
2011,12,11,345,14.6667
2011,12,12,346,20.0000
2011,12,13,347,16.0833
2011,12,14,348,24.1250
2011,12,15,349,15.8333
2011,12,16,350,20.0000
2011,12,17,351,19.4583
2011,12,18,352,17.7083
2011,12,19,353,23.3333
2011,12,20,354,17.7500
2011,12,21,355,18.2083
2011,12,22,356,19.3750
2011,12,23,357,19.4167
2011,12,24,358,17.2500
2011,12,25,359,14.0000
2011,12,26,360,15.2917
2011,12,27,361,18.0417
2011,12,28,362,16.9167
2011,12,29,363,17.0417
2011,12,30,364,21.1250
2011,12,31,365,20.5833
2012,1,1,1,19.0417
2012,1,2,2,20.5417
2012,1,3,3,23.5833
2012,1,4,4,18.7083
2012,1,5,5,17.2083
2012,1,6,6,18.7500
2012,1,7,7,16.9583
2012,1,8,8,14.1250
2012,1,9,9,14.9167
2012,1,10,10,16.5833
2012,1,11,11,14.4286
2012,1,12,12,17.9583
2012,1,13,13,19.9167
2012,1,14,14,19.2083
2012,1,15,15,19.1250
2012,1,16,16,17.7500
2012,1,17,17,13.8333
2012,1,18,18,18.3750
2012,1,19,19,26.1250
2012,1,20,20,21.9167
2012,1,21,21,18.0417
2012,1,22,22,14.6250
2012,1,23,23,17.0833
2012,1,24,24,15.9167
2012,1,25,25,17.0000
2012,1,26,26,14.3333
2012,1,27,27,14.5000
2012,1,28,28,17.7917
2012,1,29,29,17.5417
2012,1,30,30,19.3125
2012,1,31,31,16.5000
2012,2,1,32,17.5000
2012,2,2,33,20.3333
2012,2,3,34,20.8750
2012,2,4,35,18.0000
2012,2,5,36,17.4167
2012,2,6,37,21.0833
2012,2,7,38,20.8750
2012,2,8,39,20.4583
2012,2,9,40,17.4583
2012,2,10,41,60.0417
2012,2,11,42,31.1667
2012,2,12,43,16.8750
2012,2,13,44,16.0000
2012,2,14,45,15.5417
2012,2,15,46,22.1667
2012,2,16,47,21.8750
2012,2,17,48,23.0417
2012,2,18,49,17.1250
2012,2,19,50,14.9167
2012,2,20,51,18.7083
2012,2,21,52,13.6667
2012,2,22,53,12.2083
2012,2,23,54,16.6250
2012,2,24,55,18.0417
2012,2,25,56,17.8333
2012,2,26,57,21.7500
2012,2,27,58,19.7083
2012,2,28,59,18.4167
2012,2,29,60,20.2083
2012,3,1,61,18.1667
2012,3,2,62,18.9167
2012,3,3,63,15.5417
2012,3,4,64,17.8750
2012,3,5,65,19.2500
2012,3,6,66,28.0000
2012,3,7,67,55.2500
2012,3,8,68,24.0417
2012,3,9,69,22.2083
2012,3,10,70,21.4583
2012,3,11,71,20.6250
2012,3,12,72,16.5417
2012,3,13,73,16.9583
2012,3,14,74,16.3750
2012,3,15,75,17.8333
2012,3,16,76,33.5833
2012,3,17,77,42.4583
2012,3,18,78,35.1667
2012,3,19,79,40.0417
2012,3,20,80,36.5833
2012,3,21,81,27.9130
2012,3,22,82,25.8333
2012,3,23,83,22.6667
2012,3,24,84,32.8750
2012,3,25,85,69.1250
2012,3,26,86,69.3333
2012,3,27,87,57.7083
2012,3,28,88,80.1667
2012,3,29,89,62.1667
2012,3,30,90,26.9167
2012,3,31,91,18.5417
2012,4,1,92,18.4167
2012,4,2,93,11.3750
2012,4,3,94,14.2083
2012,4,4,95,14.0870
2012,4,5,96,13.6250
2012,4,6,97,14.5000
2012,4,7,98,15.2500
2012,4,8,99,13.5417
2012,4,9,100,17.2917
2012,4,10,101,15.4167
2012,4,11,102,17.0833
2012,4,12,103,18.5417
2012,4,13,104,17.0417
2012,4,14,105,14.1250
2012,4,15,106,13.0833
2012,4,16,107,19.8333
2012,4,17,108,19.3333
2012,4,18,109,16.0833
2012,4,19,110,10.3333
2012,4,20,111,10.5417
2012,4,21,112,12.5833
2012,4,22,113,12.1250
2012,4,23,114,17.3333
2012,4,24,115,14.1429
2012,4,25,116,17.1667
2012,4,26,117,14.5000
2012,4,27,118,15.2083
2012,4,28,119,14.5417
2012,4,29,120,16.1250
2012,4,30,121,18.7500
2012,5,1,122,15.6667
2012,5,2,123,18.5833
2012,5,3,124,25.0417
2012,5,4,125,14.5000
2012,5,5,126,14.0417
2012,5,6,127,10.0833
2012,5,7,128,8.0417
2012,5,8,129,14.5417
2012,5,9,130,16.8333
2012,5,10,131,56.8333
2012,5,11,132,71.2083
2012,5,12,133,82.9583
2012,5,13,134,50.8750
2012,5,14,135,22.0417
2012,5,15,136,15.3750
2012,5,16,137,18.6250
2012,5,17,138,14.3333
2012,5,18,139,37.1250
2012,5,19,140,25.2083
2012,5,20,141,30.0417
2012,5,21,142,38.7083
2012,5,22,143,43.7917
2012,5,23,144,47.8333
2012,5,24,145,31.0833
2012,5,25,146,21.0000
2012,5,26,147,17.0000
2012,5,27,148,12.0000
2012,5,28,149,27.8333
2012,5,29,150,42.7500
2012,5,30,151,83.2500
2012,5,31,152,57.3750
2012,6,1,153,71.7917
2012,6,2,154,83.0000
2012,6,3,155,64.3750
2012,6,4,156,71.6667
2012,6,5,157,30.7917
2012,6,6,158,30.9167
2012,6,7,159,46.5909
2012,6,8,160,40.9583
2012,6,9,161,25.1250
2012,6,10,162,35.9167
2012,6,11,163,45.4583
2012,6,12,164,61.5417
2012,6,13,165,44.7917
2012,6,14,166,44.5417
2012,6,15,167,38.3913
2012,6,16,168,57.3333
2012,6,17,169,52.0417
2012,6,18,170,40.7500
2012,6,19,171,25.0000
2012,6,21,173,56.9231
2012,6,22,174,56.0417
2012,6,23,175,20.8333
2012,6,24,176,21.0417
2012,6,25,177,29.2500
2012,6,26,178,54.1250
2012,6,27,179,68.7500
2012,6,28,180,35.6250
2012,6,29,181,30.6667
2012,6,30,182,30.8333
2012,7,1,183,72.6667
2012,7,2,184,92.6667
2012,7,3,185,61.9167
2012,7,4,186,52.2083
2012,7,5,187,61.9583
2012,7,6,188,52.7500
2012,7,7,189,20.8333
2012,7,8,190,12.3333
2012,7,9,191,37.3333
2012,7,10,192,70.0000
2012,7,11,193,46.3333
2012,7,12,194,22.1667
2012,7,13,195,13.1250
2012,7,14,196,49.1667
2012,7,15,197,41.3750
2012,7,16,198,48.9167
2012,7,17,199,25.6667
2012,7,18,200,13.2083
2012,7,19,201,34.9167
2012,7,20,202,60.3750
2012,7,23,205,42.8182
2012,7,24,206,60.1250
2012,7,25,207,52.8750
2012,7,26,208,50.7500
2012,7,27,209,35.0000
2012,7,28,210,23.5417
2012,7,29,211,43.1250
2012,7,30,212,16.7083
2012,7,31,213,27.2917
2012,8,1,214,35.5000
2012,8,2,215,31.4583
2012,8,3,216,22.2083
2012,8,4,217,38.0417
2012,8,5,218,37.9583
2012,8,6,219,30.1250
2012,8,7,220,33.9583
2012,8,8,221,43.2917
2012,8,9,222,42.6250
2012,8,10,223,60.4583
2012,8,11,224,61.9583
2012,8,12,225,19.2917
2012,8,13,226,22.7917
2012,8,14,227,21.7917
2012,8,15,228,16.6667
2012,8,16,229,35.3750
2012,8,17,230,61.4167
2012,8,18,231,71.8750
2012,8,19,232,65.7917
2012,8,20,233,48.1667
2012,8,21,234,55.5000
2012,8,22,235,32.9286
2012,8,23,236,17.3846
2012,8,24,237,35.5833
2012,8,25,238,52.1250
2012,8,26,239,36.0833
2012,8,27,240,36.6250
2012,8,28,241,59.1667
2012,8,29,242,36.3333
2012,8,30,243,27.7917
2012,8,31,244,27.5217
2012,9,1,245,30.8333
2012,9,2,246,25.5833
2012,9,3,247,21.4583
2012,9,4,248,26.5833
2012,9,5,249,44.2083
2012,9,6,250,44.7083
2012,9,7,251,47.3333
2012,9,8,252,43.5417
2012,9,9,253,19.6250
2012,9,10,254,19.7500
2012,9,11,255,22.5833
2012,9,12,256,14.1667
2012,9,13,257,13.3750
2012,9,14,258,13.8333
2012,9,15,259,12.6250
2012,9,16,260,13.5000
2012,9,17,261,19.4762
2012,9,18,262,12.3182
2012,9,19,263,11.3750
2012,9,20,264,33.0833
2012,9,21,265,49.0417
2012,9,22,266,43.7917
2012,9,23,267,49.6250
2012,9,24,268,31.7917
2012,9,25,269,17.3750
2012,9,26,270,22.2500
2012,9,27,271,18.4348
2012,9,28,272,15.1250
2012,9,29,273,14.7500
2012,9,30,274,13.8333
2012,10,1,275,18.3750
2012,10,2,276,16.2917
2012,10,3,277,17.9583
2012,10,4,278,16.7917
2012,10,5,279,15.8333
2012,10,6,280,20.6667
2012,10,7,281,19.5833
2012,10,8,282,17.6667
2012,10,9,283,16.6667
2012,10,10,284,19.7083
2012,10,11,285,31.0417
2012,10,12,286,15.5417
2012,10,13,287,18.4167
2012,10,14,288,18.0000
2012,10,15,289,19.2500
2012,10,16,290,37.8750
2012,10,17,291,22.3750
2012,10,18,292,18.7500
2012,10,19,293,22.2273
2012,10,20,294,26.1250
2012,10,21,295,19.1250
2012,10,22,296,18.8333
2012,10,23,297,17.4783
2012,10,24,298,13.7917
2012,10,25,299,15.6250
2012,10,26,300,15.3182
2012,10,27,301,13.5417
2012,10,28,302,15.2917
2012,10,29,303,17.8750
2012,10,30,304,16.3750
2012,10,31,305,15.5417
2012,11,1,306,18.1250
2012,11,2,307,17.9167
2012,11,3,308,13.5238
2012,11,4,309,11.3182
2012,11,5,310,9.3913
2012,11,6,311,11.6250
2012,11,7,312,14.1250
2012,11,8,313,13.9167
2012,11,9,314,14.0000
2012,11,10,315,17.9583
2012,11,11,316,13.4167
2012,11,12,317,17.4167
2012,11,13,318,17.0417
2012,11,14,319,18.5417
2012,11,15,320,17.3333
2012,11,16,321,11.3750
2012,11,17,322,13.6667
2012,11,18,323,15.2083
2012,11,19,324,15.7368
2012,11,20,325,14.3125
2012,11,22,327,52.2381
2012,11,23,328,30.9583
2012,11,24,329,38.8333
2012,11,25,330,42.0833
2012,11,26,331,52.0833
2012,11,27,332,53.8333
2012,11,28,333,61.0833
2012,11,29,334,49.8750
2012,11,30,335,63.8333
2012,12,1,336,23.0000
2012,12,2,337,11.9375
2012,12,3,338,12.5000
2012,12,8,343,15.8333
2012,12,9,344,13.0909
2012,12,10,345,23.0000
2012,12,11,346,48.6250
2012,12,12,347,60.8333
2012,12,13,348,95.0000
2012,12,14,349,108.5556
